1.84076859268022e-01,5.10282332212010e+00,2.44615935254397e-01
2.04520564127116e+01,5.27859969464565e+00,-2.15660220223833e-01
1.45901333052629e+00,1.21435586568067e+00,-1.17597474424724e+00
3.74685552864194e+00,5.13539540199891e+00,-1.15814182581815e+00
4.98108923125560e+00,1.82868994405750e+01,-5.09340980679867e-01
6.71753627818217e+00,6.82063154176078e-01,-6.80236500417064e-01
5.76970079284348e+00,2.21204364663238e-01,-9.76356754770733e-01
9.14445312876764e+00,1.81943688239489e+01,7.81035773301751e-02
9.58422968891235e+00,4.14303671659767e-01,-9.40708006909585e-02
1.15825323445787e+01,2.54387107158719e+00,-3.16312036105446e-01
9.65510842466015e+00,3.12927039062190e+00,6.63298717171005e-01
1.26942395427801e+01,3.01416800071436e+00,1.33908648561933e-01
1.12712711227377e+01,3.29861275339184e+00,-2.02456120539531e-01
1.80621702885125e+01,2.59381098014986e+00,-2.03093858117820e+00
1.42104919968109e+01,1.89391246875252e+00,5.81509155737713e-01
2.03394539593838e+01,4.13835062776763e-01,-1.32901934463376e+00
2.11180695331121e+01,1.80753141443595e+01,-1.17354771912152e+00
1.83221845670009e+01,1.83471799379547e+01,-5.24213272588607e-02
2.05139700167003e+01,1.71691971293787e+00,-1.79089272122469e+00
2.12011881881859e+01,7.54893190168877e-01,-1.30759723135157e+00
1.40854075383908e+00,4.96164905053672e+00,3.95886763864180e-01
2.86911601867390e+00,1.79037817610235e+00,-1.27435344400817e+00
2.79035632609779e+00,1.81828511285386e+01,-1.68269556965033e+00
2.46063339154171e+00,8.05603759599303e-01,-1.07965716304026e+00
3.87605178548930e+00,1.81898329207918e+01,7.53676874163997e-01
4.59354031833550e+00,6.62286240573947e-01,6.19724052488101e-01
5.55405337367022e+00,1.21821368615666e+00,-4.16878669953134e-01
8.49072702261279e+00,1.03551454418124e+00,-2.07740601643774e-01
1.16483460151415e+01,5.21471467540268e+00,-1.10049197778473e+00
1.30594220004629e+01,1.61128746462703e+00,7.36949361247404e-01
1.62414510880188e+01,3.48696213076792e+00,-9.10521757171836e-01
1.50943121019503e+01,2.57389250110111e+00,4.40180689731259e-02
1.63021070950478e+01,5.30210351600976e+00,-1.39576218510406e-01
1.61219039060778e+01,2.47926923428305e+00,-1.31394999250640e+00
1.94615643459182e+01,1.85265763642374e+01,-1.70813409575319e+00
1.74542006984745e+01,6.26278047793514e-01,-4.20576593671331e-01
1.72757245017549e+01,1.79991576462861e+01,-3.43327987979169e-01
3.92754010736970e-01,3.12897616005427e+00,-1.86622511962320e+00
1.97207773364856e+01,4.76687217287828e+00,-8.93203945910414e-01
1.31753240843278e+00,7.58579827797007e+00,-1.00653126029947e+00
2.08124914797155e+01,4.25702297716637e+00,-1.15628114623670e+00
2.25910636408294e+00,4.51205526624730e+00,5.12903621152716e-01
3.44469826482791e+00,5.36116434777487e-01,-1.33025193016760e+00
3.34553404628639e+00,4.32610212085429e+00,-6.16915992874710e-01
3.98553745881401e+00,3.53994396266158e+00,1.02953007453065e-02
3.75460370902096e+00,1.60674210691541e+00,-1.19608787358222e+00
6.49471950076548e+00,3.05030297320176e+00,5.61401086702796e-01
4.76752809014736e+00,1.83828672325329e+00,5.48629676100593e-01
7.20156011076678e+00,1.33029928181664e+00,-6.45358775064732e-01
8.15512824242976e+00,1.80848285836939e+00,-1.69393442045009e-01
1.51961601512622e+01,3.31433741116486e+00,-2.08417018200590e-01
1.29522433594955e+01,4.09579748341972e+00,-1.36235846346763e+00
9.34116717524704e+00,4.08103501246410e+00,-1.99998081919946e+00
1.69295419250562e+01,4.28572143511468e+00,-9.42998216922663e-01
1.66482765843764e+01,1.46203676837017e+00,-3.95728347347337e-01
1.62172604037059e+01,1.05949092212132e-01,-2.54741422041960e-01
1.86122292487657e+01,6.82855906232010e-01,-7.08959017545156e-01
2.00462598864015e+01,3.56232043259926e+00,-9.57908058404678e-01
1.86962568844301e+01,5.51491418264771e+00,-9.69375755572330e-01
1.18846551738047e+00,5.80968232785465e+00,-1.56432422729742e-01
3.02380692473261e+00,6.10778439439868e+00,-3.47874992213069e-01
1.63810473123696e+00,6.50023257761208e+00,-5.30949929425346e-01
3.25079078016572e+00,2.77357889075520e+00,-1.35738860420175e+00
4.29028369773509e+00,2.67305447031413e+00,7.39910820530672e-01
5.45520430522544e+00,2.80655740267731e+00,6.46708000499147e-01
6.42063526494795e+00,3.80041852431107e+00,4.65311823166186e-01
7.83013717632704e+00,2.80984775285457e+00,-1.88471128997877e+00
6.03206565062249e+00,1.97668065464667e+00,-8.17615294072694e-01
7.00288271388891e+00,2.42950273517894e+00,-1.72566878198921e+00
8.74907361826436e+00,2.81416622372357e+00,-1.93723535262673e+00
1.10311741049534e+01,4.75468258347950e+00,-5.31832566809501e-01
1.02236421776735e+01,3.87505123600191e+00,-1.16911422976513e+00
1.08492049586507e+01,4.21985845670542e+00,-6.40389865027645e-01
1.72909287597556e+01,3.28542689386623e+00,-1.71608774777984e-01
1.54120455983822e+01,1.69533885447925e+00,-1.63805919793545e-01
1.87337651581542e+01,1.86327366450049e+00,-2.07651659399569e+00
1.71510339076547e+01,1.70298917042127e-01,-6.12714128271279e-01
1.98232749431624e+01,2.44492505368721e+00,6.15459373469937e-01
1.94178825161026e+01,5.91839651610568e+00,-8.52829959900267e-01
1.86864683256211e+01,7.51811042728383e+00,1.74040893162062e-01
2.04739924662297e+01,6.26477438366846e+00,3.59229289447860e-01
2.54521814020812e+00,5.42429793196654e+00,-6.55169477902309e-01
2.60092797094858e+00,3.63434241348514e+00,-1.91238703570013e-01
4.10630951296204e+00,6.13685205415444e+00,-1.77108705838038e+00
4.59456794822825e+00,4.28292377934697e+00,-9.37118920136867e-02
7.36631324186748e+00,5.16844192677160e+00,-1.37502097850742e+00
8.95166311431105e+00,5.00262163672484e+00,-1.91264140910442e+00
1.06940518091469e+01,5.68422685842985e+00,-7.26586134848276e-01
9.90368499011581e+00,5.24426167002714e+00,-1.19572379123512e+00
8.42557954288414e+00,3.88502379056727e+00,-1.67424934122717e+00
1.36388908577984e+01,1.27209559704905e+01,5.19539594184343e-01
1.34868754277513e+01,6.45403761555869e+00,-1.92118954877084e+00
1.39647682229451e+01,3.63680997737902e+00,3.63054531577369e-01
1.20268453824232e+01,3.98585293348509e+00,-1.32369962261512e+00
1.81530153858930e+01,3.78195322757601e+00,-5.63908248678732e-01
1.70513692016030e+01,2.41135808915417e+00,-9.80446929846411e-01
1.77130512956803e+01,5.93898144495490e+00,-1.25181721779453e+00
1.84220698752647e+01,6.62308388725747e+00,1.89937184164075e-02
2.14506167394461e+01,5.86665169141964e+00,1.57041584177717e-01
2.01745973836930e+00,9.68252243404042e+00,-1.11114544251426e+00
2.33340680106535e+00,7.05937131037678e+00,-1.37570354623391e+00
5.72233043695389e+00,5.49002182965921e+00,-9.51808427989472e-02
4.66811739542974e+00,5.19338907468602e+00,-6.02975796302500e-01
4.98760471361987e+00,6.08627760045979e+00,-2.32512442995825e+00
5.75292070944212e+00,4.56033829049640e+00,-2.59832982311726e-01
6.72405160145093e+00,4.78004626829066e+00,-9.53827620074199e-01
8.85782489666446e+00,6.14699660943475e+00,7.83676466713920e-02
1.19423085199732e+01,6.37581719282058e+00,-1.68762255534125e+00
1.06408868257790e+01,7.42600307356004e+00,4.31977250689221e-01
1.11329149195900e+01,6.48878786085483e+00,-1.36357243468683e+00
1.21769320352683e+01,9.85243741713413e+00,-1.35197177940088e+00
1.28797041816260e+01,1.06815560840208e+01,2.47538611891863e-01
1.38954395390829e+01,4.60170113256963e+00,1.69479421124890e-01
1.47895916896484e+01,7.47665549921511e+00,-1.59145042536893e+00
1.57358148365026e+01,6.73970183750324e+00,-1.98803650769142e-01
1.77415827385427e+01,1.47157250871994e+00,-8.36554186304421e-01
1.83322613903038e+01,4.73606937784526e+00,-1.15501537986055e+00
1.95491537463024e+01,6.96595131067115e+00,-1.75092399575231e+00
2.06441905400949e+01,7.22750819083756e+00,-4.19056210861029e-01
1.16432899493779e-01,9.46458130689221e+00,-1.82481257680646e+00
2.60652764040814e+00,1.12656787868338e+01,-8.08005765021030e-01
3.06517474047029e+00,8.11974725080334e+00,-2.19323688077239e+00
2.11168269804194e+00,8.08583904123375e+00,-1.95959583931267e+00
5.26399939791263e+00,3.58616678866114e+00,5.91746091531673e-01
4.80381374579268e+00,6.98531527374368e+00,-7.90334699091362e-03
7.45080348035592e+00,3.82144062730299e+00,-1.90933846162922e+00
7.62759014962716e+00,6.20556025101470e+00,-5.37709875011781e-01
1.17190666560964e+01,7.50041484956638e+00,-1.67456506527791e+00
1.30866665644099e+01,5.34147201744893e+00,-1.49913344726043e+00
7.88293198910915e+00,6.94667189315617e+00,-3.50050227606512e-01
1.24242275655394e+01,1.24730636985825e+01,4.50497286766934e-01
1.31126333143420e+01,1.17916810307476e+01,4.93364043832280e-01
1.39681119067030e+01,5.61814058102304e+00,-1.78758543418478e+00
1.59181528575312e+01,4.58287390680760e+00,-6.17800798290846e-01
1.50378278106857e+01,4.19214237379423e+00,-3.03853027844370e-01
1.68276934899854e+01,6.00412796727877e+00,-9.06398528560835e-01
1.91094055396204e+01,4.23738140544741e+00,-1.32366192577344e+00
1.74354456558402e+01,4.90185918659127e+00,-8.45608871218152e-01
1.74903952280229e+01,7.21690163880323e+00,-9.71623017481108e-01
1.90377114159699e+01,8.34589298942196e+00,4.38541506847271e-01
5.01971335225688e-01,8.46829306328517e+00,-1.60525654604562e+00
4.92727742283613e+00,7.98593654295354e+00,-2.29444758176938e+00
3.88393406245404e+00,7.58203660369354e+00,-3.66284219837403e-01
3.37230001596745e+00,6.97477084264139e+00,-5.00067125303332e-01
6.54608681977807e+00,1.08448637664236e+01,-1.25816115446632e+00
6.68140488415648e+00,7.01292021977548e+00,-5.39681055728996e-01
8.12851404329497e+00,5.08125067723196e+00,-1.74877100550461e+00
1.00374269733727e+01,6.53204204739519e+00,5.09115199636185e-01
1.27529694826007e+01,6.53481394109699e+00,-1.89758596816384e+00
1.13550050252112e+01,1.19484151762222e+01,-2.12418425356920e+00
1.47096134791602e+01,1.31190899240336e+01,3.60104346902170e-01
1.24163296585906e+01,5.18214020018941e+00,-1.50505597885329e+00
1.28234283331782e+01,8.69017567648604e+00,-1.28042325523962e+00
1.56649462694004e+01,5.98875716289042e+00,1.10345514939515e-01
1.45334135236990e+01,6.45161934477836e+00,-7.29026910845860e-01
1.90327515627434e+01,3.08102526098277e+00,-1.75713172402396e+00
1.67377044361959e+01,7.00906228869318e+00,-7.88664950910349e-01
1.61962039399005e+01,9.01416068716656e+00,5.74716188501357e-01
1.74715283973823e+01,8.89579862710999e+00,3.95467201299678e-02
1.99442961047012e+01,8.14576390794691e+00,-2.15267472764474e+00
1.78421354567163e+01,8.11903194383869e+00,3.16365374079006e-01
2.10561497197669e+01,8.22462228871766e+00,-1.74534168927615e+00
1.52925456792905e+00,8.71561108218723e+00,4.45637746651590e-01
6.03130425352596e+00,8.78834734106782e+00,6.57098429801579e-01
7.20646262550828e+00,9.29738110738834e+00,-8.12088845516864e-02
6.79681434663848e+00,7.84226275013360e+00,-6.08067340938644e-01
5.77452999776311e+00,7.65574778822174e+00,-1.77244611145258e+00
8.05057079347905e+00,7.70052467874524e+00,-3.03153329726707e-01
1.00301942343878e+01,7.98502589598186e+00,5.46960477657528e-01
1.27159065519061e+01,7.59203565769921e+00,7.55076733954639e-01
1.39587555947873e+01,1.38746933402948e+01,-2.24464494893187e+00
1.27782319938503e+01,1.33778600761734e+01,-1.25297394863376e-01
1.20964005707414e+01,1.13148495576908e+01,-1.53503081822174e+00
1.39232438904904e+01,1.02527160352627e+01,-1.67448523558235e+00
1.36897066974336e+01,7.50207460916822e+00,-1.70875473012116e+00
1.57233153272282e+01,7.83900961594124e+00,-1.47576293476439e+00
1.82099611814281e+01,9.74087529969692e+00,-2.22820430616842e+00
1.66601634594434e+01,8.11791374041060e+00,-6.74347484982651e-01
1.87319604952643e+01,8.99658867797506e+00,4.51690584895145e-01
2.08889262726910e+01,1.02148879343654e+01,2.47596354253837e-02
2.59943936955311e-01,6.59781958851583e+00,-1.92592604095871e-01
9.12335863805614e-01,1.03276138289811e+01,1.70833185492741e-01
3.62815632905507e+00,9.32104005441374e+00,-1.34739705352781e+00
4.18756914821270e+00,8.49510392347018e+00,3.97486370546978e-01
6.25739306290280e+00,9.82827921072637e+00,2.72701209149380e-01
5.84857570124262e+00,6.54684102288455e+00,-1.51845462736951e+00
7.13755346192880e+00,8.45866736000881e+00,-5.52780686472373e-01
1.11438479820033e+01,8.45505324882878e+00,-2.18524076563849e+00
9.10417291522419e+00,8.23031957895219e+00,-2.33353575213742e+00
1.13368465972549e+01,1.07639745549139e+01,-1.25718397430637e+00
1.28264707968242e+01,1.42323226425278e+01,2.05044705509678e-01
1.51233304715688e+01,1.14735842039108e+01,-4.29640428136373e-01
1.45978729742506e+01,1.21577628546309e+01,1.17530829870108e-01
1.37124965601192e+01,8.86664477134120e+00,-1.98857864372756e+00
1.44088625634875e+01,8.50310156448564e+00,-1.76330522798985e+00
1.52349435027172e+01,8.76806416037042e+00,-1.79516768355731e+00
1.69811358697955e+01,9.77127256011171e+00,-3.73617195466681e-01
1.91266899892170e+01,1.00192974245615e+01,-1.34259922711441e+00
1.98523508109923e+01,9.37676506626709e+00,-1.89209677343049e+00
2.07112073263867e+01,9.18208496684727e+00,-2.01167099024819e+00
2.33936620353262e+00,1.22282683830783e+01,3.26961344008450e-02
3.66696385088928e-01,7.34189490971169e+00,-3.38619767257245e-01
2.86323235212438e+00,1.01398412615056e+01,-1.29355088654652e+00
5.62130343291505e+00,1.05193672763487e+01,-1.92464817685302e+00
5.21121233476616e+00,9.12152592848959e+00,-2.08921162359526e+00
8.17754368637503e+00,8.68433008319006e+00,5.11436211058588e-01
9.29490084146501e+00,9.28418508944366e+00,4.71080119134490e-01
6.66510068418431e+00,5.97403725690018e+00,-1.87500410553015e+00
1.03910515674428e+01,1.00327190879225e+01,6.79199187727374e-01
1.13183267073944e+01,9.57472171143059e+00,-1.22474066676285e+00
1.02985013649556e+01,1.41386505921668e+01,7.10803291307724e-02
1.36653770777652e+01,1.51120884625157e+01,-1.71908404992631e+00
1.56266296099534e+01,1.27891826037679e+01,-1.57396541638793e+00
1.31141928420733e+01,9.64813540241010e+00,-7.02138452031395e-02
1.49307075067665e+01,1.07984618132975e+01,-2.93894171104567e-01
1.47071877034413e+01,9.71109745519353e+00,-2.09570047259237e+00
1.88224479932373e+01,1.10253462121400e+01,-1.98684290204842e+00
1.87940258174913e+01,1.24099151676014e+01,-1.54010172569374e+00
1.97208504888792e+01,1.07219434650884e+01,-1.12306389586030e+00
1.97414108704997e+00,1.07358791592925e+01,-1.58996483069689e+00
2.67114173379534e+00,9.00182729008340e+00,3.87991319169207e-01
3.77433423162120e+00,1.04390209118040e+01,-4.70856994605019e-01
3.85369734071286e+00,1.36581830807016e+01,-1.67830861715707e+00
4.66181631402050e+00,9.60726020608083e+00,-2.17199690340651e+00
6.27672107190667e+00,1.18501727472928e+01,-1.90149901928935e+00
8.31801360231289e+00,9.73769654652074e+00,-2.01203389986441e+00
9.20881914762956e+00,7.17009502796637e+00,1.71895873806739e-01
1.20804800744384e+01,8.54298179414422e+00,-1.20026073293503e+00
1.04510590566344e+01,1.10843365795585e+01,-2.29430387905498e+00
1.15300080714346e+01,1.55407881932070e+01,-1.62440994147660e-01
1.60932847037052e+01,1.38295990969319e+01,-1.46272985685940e+00
1.27161434249526e+01,1.52748571635707e+01,-2.26087661011827e+00
1.59757748419559e+01,1.17050864703146e+01,-6.34939602857389e-01
1.39098528148381e+01,1.13413702060830e+01,6.03213489840986e-01
1.57307033536181e+01,9.96886598710920e+00,-9.18432182991511e-01
1.62897068280408e+01,1.07310520184987e+01,-3.03178059353524e-01
1.77477403958536e+01,1.05225868169850e+01,2.07309069679775e-01
1.97753245866060e+01,1.28285128391922e+01,-5.07680501098328e-01
1.72778128193573e-01,1.08529243881454e+01,-1.89250283039962e-02
1.40544583578896e+00,1.13696999178200e+01,7.49366954986399e-01
1.06094456721358e+00,9.44814046816003e+00,1.38006662182087e-01
4.88552642491900e+00,1.06623240140931e+01,-2.05340187518251e+00
5.34097852109762e+00,1.16795180329339e+01,-1.61211883404049e+00
5.62117861672197e+00,1.26727620812752e+01,1.39384322814759e-01
9.35472212939530e+00,1.03312224893807e+01,2.86086795015034e-01
1.02667950804825e+01,8.96166914786577e+00,6.05360746741290e-01
9.63636316251453e+00,1.14395025255886e+01,-2.29680274770881e+00
9.65795705688188e+00,1.25840018963150e+01,-7.50124284348528e-01
1.57024777538902e+01,1.60063669136260e+01,-1.24124948233745e+00
1.15575784823775e+01,1.37789612749163e+01,2.12212544773478e-02
1.16742378601866e+01,1.45399500914343e+01,1.60027986545605e-01
1.34656020246625e+01,1.63410979204359e+01,-1.90175894045049e+00
1.72651828103774e+01,1.24917616115071e+01,-1.17929679734334e+00
1.51565481245842e+01,1.40043785296933e+01,-7.37214659114612e-01
1.71371328629147e+01,1.13532762587480e+01,-4.60234901695831e-01
1.81046160912316e+01,1.16239790940415e+01,-1.41227905304875e+00
2.07850830261628e+01,1.18043014470568e+01,-8.26790804308196e-01
2.04663215150623e+01,1.10928311700769e+01,-4.84069495523386e-01
3.01988145212420e-01,1.16783966374081e+01,-7.73795078792262e-01
1.13776337308689e+00,1.22858458624648e+01,-2.21567046614347e+00
4.28059627997021e+00,1.13555811394540e+01,6.67976885201160e-01
3.55141361132898e+00,1.23184750791810e+01,-1.38082270912887e+00
4.45042871044347e+00,1.24174360533025e+01,-8.02854739439989e-01
7.40174604803629e+00,1.02707265036456e+01,5.05770869124847e-01
7.88544338984482e+00,1.20424906852725e+01,-1.11784910309530e+00
7.26113175694818e+00,1.14342113598012e+01,-1.06432497372911e+00
9.15671248386658e+00,1.35947934090749e+01,-3.01950623275461e-01
1.15255142208926e+01,1.30388655677853e+01,1.63355393831227e-01
9.94461342250933e+00,1.73991902764899e+01,-1.77188345812996e+00
1.03744600098181e+01,1.33288337426061e+01,-1.15197269327308e-01
1.17587709572998e+01,1.67383019308320e+01,-1.65426116756355e+00
1.45027222065628e+01,1.50272737599831e+01,-1.56568757938580e+00
1.66545217237095e+01,1.60989849200561e+01,-5.25667163786019e-01
1.65276676083663e+01,1.24815428320547e+01,-1.38519764122143e+00
1.80456423984525e+01,1.42845715397331e+01,-1.64034465169776e+00
1.96495566805105e+01,1.18459343698662e+01,-2.32294314234863e-01
2.10379303924547e+01,1.48898540291056e+01,-1.07200018952769e+00
8.90342335639232e-01,1.73620830232863e+01,-1.57317968735507e+00
2.07793244451265e+01,1.38224495715581e+01,-1.02563192330458e+00
1.87822773834271e+01,1.35488751027508e+01,-3.83910102800221e-01
1.98694646387022e+00,1.31121903747792e+01,-2.30067831515852e+00
3.29459073131289e+00,1.14418492274599e+01,-9.02500890993297e-01
3.88636156308482e+00,1.51397609519480e+01,-7.35873523808345e-01
4.73585569173915e+00,1.43458606670049e+01,-1.02246104387617e+00
4.69597986991145e+00,1.32804579337093e+01,-6.65154051635147e-01
6.80935148506452e+00,1.27115035703404e+01,-7.52195317947393e-01
7.50244093544026e+00,1.45656558168856e+01,-1.99674165646198e+00
1.05724749365907e+01,1.23047644019437e+01,-1.91483249402307e+00
1.11748986072569e+01,1.66106135592898e+01,-1.75853658839839e+00
1.08045711168497e+01,1.74111877679310e+01,-1.86706166631895e+00
1.42310101854790e+01,1.63123533931225e+01,-1.72420850624340e+00
1.49038743868375e+01,1.61351667892047e+01,-1.51563554474670e+00
1.54863716736044e+01,1.49723318054766e+01,-8.29388457249406e-01
1.46523214016229e+01,1.75333202202031e+01,-1.53132614331560e+00
1.78126616673766e+01,1.58839476404368e+01,3.55232955199698e-01
1.90082230266915e+01,1.45232279688153e+01,3.59951360181200e-01
9.00319534272788e-01,1.61137024838486e+01,-2.01226567158481e+00
4.17649476778483e-01,1.84202112076535e+01,-1.50147571909640e+00
2.08180191408700e+01,1.27627329264003e+01,-8.53003014295693e-01
2.08032516421269e-01,1.27889883480635e+01,-1.07339918620076e+00
1.18785405343667e+00,1.34166656716976e+01,-2.35224726248366e+00
2.24769960086670e+00,1.41260770806213e+01,-1.29344936343473e+00
2.95704791586610e+00,1.32402041655391e+01,-1.60893523804212e+00
5.75300101796251e+00,1.46282187336147e+01,-1.51175733105567e+00
7.54450945697313e+00,1.32471228700368e+01,-1.20597339996073e+00
8.36722568062583e+00,1.09011503411188e+01,1.74198364061579e-01
8.22597186381657e+00,1.40448280355314e+01,-1.74736490046692e+00
1.04383709369941e+01,1.61782392248265e+01,-1.15214865941615e+00
1.06115866903336e+01,8.52635799623706e-01,-1.82306141195568e+00
1.15716812441486e+01,1.80273721810763e+01,-1.69923347608866e+00
1.23585694508605e+01,1.76433824360954e+01,-1.60992181758504e+00
1.24825500455760e+01,1.63557188819325e+01,-1.96990845025890e+00
1.72429259525602e+01,1.73472833869150e+01,-1.51448857412995e-01
1.67467369508748e+01,1.37948946322163e+01,-1.52117422379569e+00
1.73968301161665e+01,1.49109153884315e+01,7.25064260048928e-01
1.98439631835387e+01,1.38095603134687e+01,-8.74768359808635e-01
1.91882380989267e+01,1.59158355340710e+01,-4.28854514834502e-01
1.62250984373234e+00,1.57910823359056e+01,-1.69203380227254e+00
2.10438505963139e+00,1.72222322980207e+01,-1.83331138144492e+00
6.31277805226299e-01,1.49482288966647e+01,6.66569731752095e-01
4.47304372327584e+00,1.60988463134069e+01,4.10240426621370e-01
2.53112552785447e-01,1.39057414722264e+01,-1.01873384112770e+00
3.15372835669613e+00,1.44064793779961e+01,-1.61174148621827e+00
5.85325987404334e+00,1.76218987811386e+01,-1.12831323127541e+00
6.80685548621706e+00,1.69199977078991e+01,-1.90853750056956e+00
5.70997015954188e+00,1.35372534174606e+01,-5.25373968704215e-01
8.91516882311911e+00,1.18819146182105e+01,5.81312157989092e-01
8.51458472381117e+00,1.28100508150838e+01,-5.77260483474395e-01
8.83956971064841e+00,1.72754457510052e+01,1.23078172500323e-01
1.06281254676915e+01,1.84907588826655e+01,4.16205209395519e-01
1.46608878659939e+01,1.00747397029756e+00,-3.07129402853574e-01
1.31314720747725e+01,1.73099562816821e+01,-2.00170396169549e+00
1.51341690927829e+01,1.85984367092062e+01,-1.78795413172185e+00
1.64984899098951e+01,1.50774833350455e+01,-2.18947785116276e+00
1.79703216081302e+01,1.29751214696873e+01,-1.54834418988612e+00
1.99243522974188e+01,1.49380084206637e+01,-7.98053815285623e-01
1.73138435878049e+01,1.66335594036860e+01,-2.29883480707417e-01
2.03751084471320e+01,1.59198559785403e+01,-7.33068052475898e-01
1.91770938955901e+00,1.85460239594703e+01,-1.52119504979906e+00
3.20961994866805e+00,1.72009870824665e+01,3.90125678195824e-01
2.39472397848662e+00,1.62929005019640e+01,-1.80075992045883e+00
1.38206283101836e+00,1.44838070632180e+01,7.70859540271465e-01
2.54113171526730e+00,1.52456069084212e+01,3.51678403105966e-01
5.10714231235812e+00,1.54641635393241e+01,6.34021284475216e-01
6.61302883093213e+00,1.38395716483001e+01,-8.32729491309992e-01
6.27545783770559e+00,1.57618323499195e+01,7.81347738995459e-01
7.39081583968625e+00,1.58116346749874e+01,-1.01359602774910e+00
9.24129526162127e+00,1.46354452703064e+01,1.88803813898178e-01
9.53303880063015e+00,1.32287751091039e+00,-2.23893633062714e-01
1.17772748320181e+01,1.64850852526168e+00,-6.29739556246138e-01
1.39271505950918e+01,2.70536520817700e+00,4.98872790527428e-01
1.60097506267822e+01,1.79454629897432e+01,-2.16996896643350e-01
1.39303962166836e+01,1.75889121108549e+01,-1.45401585390629e+00
1.61544674433568e+01,1.69796689960074e+01,-7.94429704722473e-01
1.86099008035401e+01,1.52919171868222e+01,-5.32193879879022e-02
1.84253167381388e+01,1.67119951944075e+01,-5.46675616128600e-01
2.14323998609174e+01,1.58465912769664e+01,-9.82274165703902e-01
5.96955601195542e-01,1.20302887682857e+00,-1.75643784886676e+00
1.51000815985858e+00,1.72652857735105e+01,-1.60301571290105e+00
1.12793037352100e+00,2.93220816717710e-02,-1.40777536395163e+00
2.12226883109234e+00,2.90281037106661e+00,-5.10593910503977e-01
1.94807266419943e+00,1.94789760198288e+00,-1.08781109961724e+00
5.56469230286366e+00,1.66090548928405e+01,-4.01105550344090e-01
6.74382684106625e+00,1.81646313370366e+01,-1.19837143201592e+00
7.79569737218963e+00,1.84501311192952e+01,-3.15684260115564e-01
8.45160908687417e+00,1.54085070063256e+01,-1.92435984777462e+00
1.05497994041477e+01,1.50086857138806e+01,1.66330822458972e-02
6.71640403272428e+00,1.49066306116995e+01,-2.20987278895941e+00
9.26045091111212e+00,1.64070560577320e+01,3.87711752185625e-01
1.14724061295919e+01,7.78988784730936e-01,-1.34235288604258e+00
1.06255614590338e+01,1.74756687053730e+00,-2.38368411036418e-01
1.23792936287130e+01,4.43911455008890e-01,-1.86610542218492e+00
1.31743768760657e+01,1.84173444208804e+01,-1.42410969193734e+00
1.60177901449523e+01,8.42004315069328e-01,-9.99598826109695e-02
1.52599485837419e+01,1.72610687033621e+01,-1.54652725755652e+00
1.73396253787539e+01,1.37310410017770e+01,-1.57724904219726e+00
1.96332376765214e+01,1.67790435189897e+01,-2.22886986394774e-01
2.38392526297270e-01,1.69957148137485e+01,-1.54068232551599e+00
2.14800303189270e+01,1.99879958872475e+00,-1.98784110915081e+00
1.32781598962967e+00,3.81384194694583e+00,-1.83302277281601e+00
2.09754511721181e+01,3.05698324183691e+00,-1.97634068704199e+00
3.37335552622455e+00,1.61617132209486e+01,-2.07328253045688e+00
4.65447559746357e+00,1.74753298647437e+01,-2.09517978331893e-01
4.31307711128263e+00,1.68545397957744e+01,3.13151300702840e-03
8.16681393894656e+00,3.96573334337459e-01,-3.35975639135948e-01
7.82170870530703e+00,1.76531578942049e+01,2.29085706053274e-01
9.63696189044223e+00,1.55273513619384e+01,1.23960747378095e-01
8.03049776627367e+00,1.66119422061016e+01,-6.57178346418653e-01
9.43028138006195e+00,2.14838150788576e+00,4.53645042496695e-01
1.05749827576252e+01,2.66164891602108e+00,-8.90229004179228e-01
1.26206316379390e+01,2.24259241960798e+00,1.81600584800357e-01
1.34913816945519e+01,9.11404469837492e-01,6.34430819636913e-01
1.49546883497278e+01,5.25274193702051e+00,1.85269296419287e-02
1.41526853855202e+01,7.95069838941746e-02,-1.03268632729545e+00
1.87142132144008e+01,1.75390162714984e+01,4.47536860323502e-02
2.01078487232181e+01,1.77528587553936e+01,7.73624914964839e-01
2.07932014152589e+01,1.68949245552753e+01,-1.60674624224301e+00
1.95346549589123e+01,1.21683758800147e+00,-1.66874141613682e+00
1.05731325492641e+00,2.48514804087802e+00,-1.97068157031634e+00
3.51051148338868e-01,4.18517076047906e+00,-2.34363475706123e+00
