2.13313446098360e+01,5.01873692607061e+00,5.81589409242320e-01
1.92409573128080e+01,3.98991182556151e+00,-4.25413354683696e-01
3.05020431408065e+00,2.11164277403733e+00,-1.58280661016718e+00
4.27108334116214e+00,5.74203915069993e+00,-1.40496663498081e+00
5.00128295350723e+00,1.86034890770536e+01,-6.51969388883711e-01
7.58290701702345e+00,1.20672361470117e+00,-1.99242601749855e+00
5.82509274675040e+00,4.06468723594192e-01,-1.12560476405101e+00
8.19787449348414e+00,1.76322708877611e+01,-3.27522188911450e-02
9.41447146918174e+00,1.77820134493457e+01,6.77603553986376e-01
1.10976470791352e+01,2.11584897325627e+00,1.54011158630511e-01
1.06553889646285e+01,2.74035820001127e+00,2.16726661171472e-01
1.25112883729141e+01,2.31699360807597e+00,6.52253971324073e-01
1.18683948453765e+01,2.94251293309612e+00,3.56374622882666e-01
1.52714447838651e+01,4.16530317217462e+00,-1.57891669161769e+00
1.43941913976505e+01,1.52685389831292e+00,-9.73397578992637e-02
2.05452285150939e+01,1.41882239657610e+00,6.92924350574329e-01
2.11156731154080e+01,5.78631807228029e-01,-1.06088371782035e+00
1.72848456768378e+01,9.40632885833958e-01,-2.23634654082125e+00
1.97618324742063e+01,2.14234095070593e+00,-8.80149893413683e-01
1.53554336607767e-01,1.15613806714487e+00,-1.07003272956296e+00
9.81557720967723e-01,4.93824127714590e+00,3.04533559830159e-01
3.57848371174310e+00,3.13898163518545e+00,-1.55644246842109e+00
3.25579788902020e+00,1.12173115911156e+00,-5.22383525233908e-01
4.01144679458134e+00,2.30436977169210e+00,7.04835107883628e-01
4.63366233156274e+00,8.71834588037330e-01,-1.24615444719633e-01
5.46980264622383e+00,1.45084455028583e+00,-2.34076417978516e-01
6.63509919480055e+00,1.20878977720855e+00,-2.11566657238779e+00
8.76717950342189e+00,1.84800827448632e+01,-1.83101264163767e+00
1.07072041643464e+01,5.88352288462245e+00,-6.50023715830669e-01
1.35246193699520e+01,1.01259533299999e+00,-2.99381555979234e-01
1.45589322914392e+01,3.55820401308501e+00,-1.52520268829170e+00
1.44799455376027e+01,2.30286221672874e+00,-3.28215635191273e-01
1.53436522748277e+01,5.55282420423507e+00,-2.06982703949578e+00
1.53347651732530e+01,2.78231033647054e+00,-1.04070354246775e+00
1.91381801870744e+01,1.74502877194573e-01,2.14990465854195e-01
1.69762213572899e+01,3.49356714886984e+00,-8.86707424431130e-01
1.78462233356618e+01,1.85684678362453e+01,-1.75549025176988e-01
2.27914980638748e-01,3.06106555080835e+00,4.50448004391662e-01
1.88851965239041e+01,2.46815510806200e+00,-1.33813067396185e+00
7.43316635335124e-01,6.04715424320810e+00,-2.24107359135817e+00
2.03099459324194e+01,4.26247483994593e+00,-5.84184907886575e-02
2.19687111019374e+00,4.63961524433368e+00,1.61618529540061e-01
4.10352515398168e+00,1.55497476397973e+00,2.26419700418830e-01
4.35864716641800e+00,4.50952894747098e+00,-9.38707834383970e-01
5.21341922522236e+00,3.59909662120924e+00,-1.50741168103521e+00
5.07891360118150e+00,2.36387756013092e+00,1.91969489806807e-01
7.99854473254525e+00,4.22860445119620e+00,6.05605258224532e-01
6.37636519033096e+00,2.21567512163374e+00,6.04849721423644e-01
8.34199430297699e+00,8.49116671987376e-01,-1.49942179657098e+00
9.06744143087027e+00,1.08824347168365e+00,-1.51411253969869e+00
1.37239007775561e+01,2.98887829421185e+00,-2.06439357515242e+00
1.18439778056488e+01,3.90923469781343e+00,-2.04662236430886e+00
1.00054782662460e+01,4.52436968780106e+00,-9.77843451226782e-01
1.45203417834574e+01,4.87956492201104e+00,-1.30963248217946e+00
1.64272333341889e+01,2.63786811947864e+00,5.24181320580651e-01
1.66394295243974e+01,1.64707664698933e+00,-1.82414032453898e+00
1.73870650027049e+01,2.25745240481022e+00,-1.34118251707525e+00
1.95230127972909e+01,3.11987970178925e+00,-4.93587777556343e-01
1.90740067591568e+01,4.87557867429625e+00,-6.06911761322180e-01
2.10762120166420e+01,5.79880493242949e+00,4.27004774857228e-01
2.73205759582222e+00,6.21572724756316e+00,-1.70741575953499e+00
1.92423892256083e+00,5.59711752072565e+00,-3.56220061874216e-01
4.38343860105364e+00,3.32206521735581e+00,-1.19476162796947e+00
6.03672958347949e+00,3.02264363777024e+00,4.89922183590345e-01
7.09429254536556e+00,3.36290735754827e+00,-1.96401036985221e+00
6.96875676712349e+00,4.59993915354263e+00,-1.16958187093822e+00
9.08987334718512e+00,3.00898698439720e+00,-1.60006277431380e+00
7.39615835202769e+00,2.30781993692988e+00,-2.09691695411095e+00
8.42848220583398e+00,2.08163884724410e+00,-1.37060133659666e+00
9.66071886831379e+00,2.15698341808652e+00,2.53837862035787e-01
1.06972416880266e+01,4.88879607569954e+00,-1.10877954680363e+00
9.92714232445962e+00,3.35051190840158e+00,-1.71268733136217e+00
1.09326260515453e+01,3.68939347272534e+00,-1.29598293062459e+00
1.37749093145241e+01,4.19379222745517e+00,-4.99508717359605e-01
1.56025538619296e+01,1.70619536155039e+00,5.36309979585182e-01
1.79417335199906e+01,2.90544314158396e+00,-1.10255746718442e+00
1.84108179767768e+01,7.52173385509783e-01,2.13638061426052e-01
1.82940810589133e+01,1.66382414340909e+00,6.66365625406711e-02
1.92428556440976e+01,5.91548677073528e+00,-1.15714697385370e+00
2.05361641998221e+01,7.49945707230183e+00,-1.51714165653569e-02
2.02719317039620e+01,6.29146925739273e+00,-2.06068860945546e+00
3.25210299286867e+00,5.30325044027066e+00,-9.44461269268592e-02
3.43930851152372e+00,4.23091019738168e+00,-6.65247877506719e-01
3.66225065856337e+00,6.56214278805664e+00,-1.91984045262555e+00
5.17758153036696e+00,4.86419210007496e+00,-1.11827361389547e+00
7.76218236874675e+00,5.30807657915327e+00,-1.53610533967869e+00
8.66138672645874e+00,6.11882294029722e+00,-2.33868042304477e+00
9.64314315399852e+00,6.76137562156795e+00,-1.69795596233587e+00
9.70720267284084e+00,5.64805319072184e+00,-7.33418818644933e-01
9.11020017233046e+00,4.09617987601933e+00,3.72517827686666e-01
1.36093034002751e+01,1.23240198616026e+01,-1.20483063437646e+00
1.37815681210190e+01,7.16963440800814e+00,-2.78832891015111e-02
1.30494989764389e+01,3.39183021908070e+00,-2.25090312419773e+00
1.15629916338751e+01,4.78373137628158e+00,-1.45051342746942e+00
1.59139396453065e+01,5.16774428384196e+00,-2.24701783146029e+00
1.59638440016479e+01,3.50646651048161e+00,-2.07017671669379e+00
1.85155993904075e+01,6.79693579597230e+00,1.45714980892389e-01
1.81794864602385e+01,5.75105720232935e+00,-4.02936783250650e-01
2.01123372030613e+01,5.17616711364694e+00,-9.77543194528092e-02
1.39203398033517e+00,1.00704293651663e+01,6.60887949403601e-01
1.91350834912000e+00,6.68125649480222e+00,5.22626146934344e-01
5.69027106536713e+00,6.61272756568293e+00,-8.81532142159560e-01
5.02700437492816e+00,6.03357383019150e+00,-1.00325421623200e+00
5.49969393904537e+00,7.81276676768186e+00,-2.17432477989446e+00
5.97913692594381e+00,5.36894831530666e+00,-1.08285731951027e+00
6.75148077197309e+00,5.79543427986377e+00,-6.39226831717125e-01
8.92101571838676e+00,7.23790126800454e+00,-2.26641590695165e+00
1.15835596689701e+01,6.87180623995600e+00,-3.82752465734703e-01
1.04598202562661e+01,7.16186363695644e+00,-1.46679845152821e+00
1.13190038010143e+01,6.27157361188487e+00,-2.64494647144642e-01
1.34334997865925e+01,8.78212633748777e+00,5.80207874037254e-01
1.34681165607432e+01,9.88930840620072e+00,-1.60974701794274e+00
1.27069933642586e+01,5.05459502816918e+00,-2.31182205530624e+00
1.57689885806812e+01,8.06672907825031e+00,-1.41142764983197e+00
1.66241568478282e+01,7.46501316584315e+00,-1.37174978826113e+00
1.63103116362407e+01,4.48495295095654e+00,7.15106878232865e-01
1.80307124556096e+01,4.75442464650548e+00,-6.33013133733547e-01
1.96023511748337e+01,6.91850721410776e+00,5.57735573804895e-01
2.13374317023811e+01,8.39282982403170e+00,2.67341278242524e-01
3.42134768355216e-01,1.00545895997072e+01,5.82026117841695e-01
3.02837783935172e+00,1.14690642664663e+01,-9.32149044402663e-02
3.73314782358934e+00,7.85323287602118e+00,-1.13060807331896e+00
2.98052797095465e+00,7.31550012702403e+00,-1.88386130016489e+00
6.11034188945391e+00,4.11214840008075e+00,-1.05176338364185e+00
6.38135716217999e+00,8.42622338787034e+00,-7.51452126348520e-01
8.21175134706349e+00,3.27592967358875e+00,-2.33193243928717e+00
7.77159258133653e+00,6.40131189785793e+00,6.49478780641073e-01
1.12885280181097e+01,7.93343035630878e+00,-2.17628711528590e+00
1.25942021234381e+01,6.11425072317011e+00,-3.72236825201142e-01
9.06009037654067e+00,8.46013051764320e+00,-1.90705442359061e+00
1.28195951216580e+01,1.21875512304491e+01,-1.17168686729864e+00
1.36706572990402e+01,1.10933567717497e+01,-1.11888900856159e+00
1.38013757069279e+01,6.23510189449512e+00,-2.29094486680480e+00
1.36292975145772e+01,5.14649575692292e+00,-2.29200779578607e+00
1.27144994369243e+01,4.09603155692447e+00,-2.22733997574613e+00
1.64086136051805e+01,6.21697544427191e+00,-2.28065356167138e+00
1.83803458791695e+01,3.69221456314860e+00,-8.62978984965633e-01
1.70170397991772e+01,5.43217978750430e+00,4.29324439335431e-01
1.92252185486557e+01,7.72515356460818e+00,1.03448157801859e-01
1.95873644982308e+01,9.30265537758226e+00,-3.36987321998405e-01
1.06201683327602e+00,7.20551845159004e+00,-2.34109278154997e+00
3.90945292707147e+00,8.99494499469301e+00,3.95175291958732e-01
4.54136129168988e+00,8.17529062387470e+00,-7.83711701220749e-01
4.56237176922310e+00,7.07325693673297e+00,-2.14507557015940e+00
5.81682148681120e+00,1.05426196154797e+01,-8.59166978089759e-01
8.07597471428407e+00,7.42032011827682e+00,7.06610517251376e-01
8.88244918359216e+00,5.07577444003439e+00,1.19596474526939e-01
9.83094863268162e+00,8.06353199448901e+00,-1.75929151803260e+00
1.28714229912289e+01,6.72175290553831e+00,-1.59834839959525e-01
1.21449087132564e+01,1.07117649496371e+01,-1.34082751130271e+00
1.41082146958418e+01,1.31562450506641e+01,-1.40232123836294e+00
1.19238910201648e+01,5.57152034029986e+00,-2.03824522015335e-01
1.34943277894226e+01,7.83788395730616e+00,9.18928759450729e-02
1.57443930095119e+01,6.78513577916449e+00,-2.09999359626479e+00
1.49256489607705e+01,7.14784855828759e+00,6.40146871166354e-01
1.73395868932334e+01,4.25717901060509e+00,-1.03982897616097e+00
1.74170955495469e+01,6.67894851008982e+00,-1.51844767723652e+00
1.77656750120436e+01,9.01960599354273e+00,-1.25000295163136e+00
1.87282615384073e+01,8.81867475564429e+00,-1.11489258352396e+00
2.09046105704538e+01,9.13422749612540e+00,3.89620195370685e-01
2.00344214834883e+01,8.40171785461294e+00,-5.89774610029830e-02
1.21699604105746e+00,8.32813474548330e+00,-1.35445450610328e-01
2.10377201124294e+00,7.67677773350127e+00,-3.51526691587195e-01
5.23454774668945e+00,8.78887232645288e+00,-1.75626142165441e-01
5.90243610134255e+00,9.55656300968580e+00,-6.29587005025354e-01
7.35900251271257e+00,7.90981706272799e+00,-1.94203732212437e+00
6.99177863837433e+00,9.03811144927399e+00,-9.63385582612947e-01
8.24165178159430e+00,8.54700988142290e+00,-1.98062354167738e+00
1.07202993953054e+01,8.59647378300747e+00,-2.09473264578828e+00
1.23437618045680e+01,7.43924537157709e+00,-1.62186090793557e-01
1.25593957048871e+01,1.39673143759774e+01,6.29305803640019e-01
1.31242608381408e+01,1.33463139645944e+01,-2.34813673134267e+00
1.28853519991124e+01,1.09191214922820e+01,-1.34633761567132e+00
1.42995159781560e+01,9.88676011395367e+00,-1.65306875745370e+00
1.47702380661936e+01,7.98908627687335e+00,-2.33603827229215e+00
1.72522879532470e+01,8.07636979144370e+00,-1.42080624912767e+00
1.85940582678378e+01,1.01488062606538e+01,-1.29168928779975e+00
1.80810718888302e+01,7.74835008291682e+00,-2.08303337081164e+00
1.92886661613729e+01,1.03937131057176e+01,-1.07502025131403e+00
2.23245111152426e-02,1.06424535080654e+01,3.61874654205705e-01
2.13905372414229e+01,6.75289320140026e+00,1.67013887843316e-02
1.32187432736652e+00,1.08618581511208e+01,4.75465085186952e-02
2.34027911449624e+00,9.78047134689923e+00,3.19220995703575e-01
2.93397589736251e+00,9.30396543311596e+00,3.21676454678685e-01
4.77086473286841e+00,9.58862608459912e+00,4.56739239490177e-02
6.34444400728856e+00,7.38209211705192e+00,7.34180030863590e-01
7.75588680475644e+00,9.30005851882114e+00,-1.59574580846845e+00
1.10367219106194e+01,9.67327047440271e+00,6.03980333468573e-01
8.88609795355747e+00,9.66881949184624e+00,4.47707685136428e-01
1.26620768579201e+01,9.55008639935634e+00,-1.58037313334337e+00
1.20127921436953e+01,1.46002597265556e+01,-1.86162790739293e+00
1.52254519794947e+01,1.17392847248132e+01,-1.81021181856776e+00
1.43943218148643e+01,1.15644730355051e+01,-1.48745666104910e+00
1.52579882217904e+01,9.24559375940550e+00,-1.18542237123786e+00
1.63447297975504e+01,8.86168476231462e+00,-1.03887965910886e+00
1.68900756094273e+01,9.36289314558832e+00,-9.38074354369980e-01
1.78906394251675e+01,1.01022508466261e+01,-1.13347941993387e+00
1.94100222047721e+01,1.15195270577027e+01,-1.55372863307732e+00
2.04740169753677e+01,9.90374902860915e+00,7.89856416361190e-02
5.84073367025488e-01,9.23667985580695e+00,-2.13041150458643e+00
2.57207952597754e+00,1.31880870516135e+01,-2.11039341947642e+00
2.65222166323890e-01,7.66026493465400e+00,4.85872135808486e-01
2.57588408320305e+00,1.06355765281261e+01,-1.66508447184381e-01
5.27395709345413e+00,1.14855536240162e+01,-8.91503469167359e-02
3.70679499203249e+00,9.96941658307027e+00,-1.85051907035800e-02
6.88582426212100e+00,1.02026194768362e+01,-2.00357425946983e+00
9.21148510991412e+00,1.06541751802154e+01,2.06448694169195e-01
6.87002994295768e+00,6.72905717555212e+00,4.12825131294721e-01
1.02886597819911e+01,1.10877438052641e+01,-5.41171201096068e-01
1.18020591961993e+01,9.29011421910942e+00,-1.93741985731171e+00
1.14344504255140e+01,1.35596647605961e+01,-2.10231182558220e+00
1.38677336010839e+01,1.43678489572638e+01,3.68783789914936e-01
1.49692702579933e+01,1.27873841615342e+01,-2.13282491268572e+00
1.43657621954479e+01,8.68417166903290e+00,-2.08461440735062e+00
1.60266711077931e+01,1.12077455140748e+01,-2.26708208635190e+00
1.59649808790786e+01,1.01020693999308e+01,-1.47995241178984e+00
1.86789510781601e+01,1.15522921303246e+01,-1.65969356900894e+00
1.93372074930824e+01,1.26362268677262e+01,5.39073981084910e-01
2.01939602983241e+01,1.07812917502299e+01,-4.08511392257189e-01
1.95221923062837e+00,1.15427249992669e+01,-1.62206087815501e-02
2.67719985351713e+00,8.47385191178590e+00,-9.29964324486110e-02
3.81087872141241e+00,1.08256344633107e+01,-1.14081614272758e-01
4.19333709598717e+00,1.36091361704285e+01,-8.88505015814083e-01
4.86322660542652e+00,1.05362982238904e+01,-1.12140431580643e+00
6.39409029036357e+00,1.12207059341106e+01,-9.36966360146642e-01
7.98990380943497e+00,1.04321330788889e+01,-3.75439367763265e-01
9.95696826746447e+00,9.29861306131851e+00,2.38848608212334e-01
1.23580197852317e+01,8.33785518173418e+00,-2.15824061056731e-01
1.14015648058900e+01,1.05031420053999e+01,-7.62020520401723e-01
1.19966226325745e+01,1.56278477791501e+01,5.24475023877435e-01
1.59732258941143e+01,1.41896636581877e+01,1.88131734560992e-01
1.29538572459098e+01,1.50282099912589e+01,-3.35954022120538e-01
1.60366644683491e+01,1.23309827391006e+01,-7.09730984727662e-01
1.50495860183370e+01,1.05427805197176e+01,-1.73861814831515e+00
1.69548538247542e+01,1.02964742290422e+01,-8.24415302408349e-01
1.70124429736315e+01,1.13445550440386e+01,-9.64641498080095e-01
1.78855886144862e+01,1.14020353729416e+01,-1.27296606646525e+00
2.07381552060845e+01,1.26208243449004e+01,-1.63696118732089e+00
7.13489757163319e-01,1.15749330934246e+01,7.26923685520489e-01
1.66211306552895e+00,1.23258768560441e+01,6.23398288292494e-01
1.69439969136112e+00,9.10685179262475e+00,-2.99708342390435e-01
4.45086810250596e+00,1.22083440627562e+01,-2.20885052518709e-01
5.96604469274626e+00,1.21518917040980e+01,-2.54845261369304e-01
5.89206435503572e+00,1.33177426654935e+01,-1.79058165806226e+00
9.22863267989182e+00,1.15902536515856e+01,-8.06873094958293e-01
1.02192608536791e+01,1.02209941739402e+01,2.38211531479615e-01
9.75795740203907e+00,1.21375004101304e+01,-5.05351373558679e-01
9.89558403434954e+00,1.29222407610314e+01,7.12382838159825e-02
1.59306302268188e+01,1.65540816441509e+01,-1.01131481156620e-01
1.19858830158034e+01,1.29158346704845e+01,5.83598699793472e-01
1.12180495725853e+01,1.46961693492279e+01,-1.92531519264454e+00
1.42109900988663e+01,1.53378030461630e+01,-7.92166723082624e-02
1.76449150261580e+01,1.33148019698350e+01,2.75241909699973e-01
1.49032926447502e+01,1.38826977468638e+01,-5.19955426453230e-01
1.70955769356071e+01,1.24502137988060e+01,-7.07805255901182e-01
1.82561820796992e+01,1.25902924111780e+01,6.44852518952614e-01
2.14508590271715e+01,1.22509936914277e+01,-1.96465589814773e+00
2.09817613459019e+01,1.13779195473520e+01,-3.71790939585516e-01
8.85093472059186e-01,1.27685920257687e+01,-2.07299215510018e+00
1.76065493722414e+00,1.33874396253277e+01,-2.25498206057999e+00
4.08008719228428e+00,1.16068600299845e+01,-5.51228151936832e-01
3.64342703426104e+00,1.30044816874817e+01,-6.29695997727744e-01
4.89736659288770e+00,1.28200035422044e+01,-3.42805689686002e-01
7.23239485821396e+00,1.15008047643797e+01,-1.18892167448749e+00
7.59004811157112e+00,1.25654681727702e+01,-1.25824865786496e+00
6.73859816312823e+00,1.26896213727922e+01,-1.20696549582440e+00
9.45271322633853e+00,1.37917123616616e+01,-1.76174023787051e-02
1.19701682194018e+01,1.18726977102427e+01,-6.79373734756998e-01
9.87571221798939e+00,1.63668267229068e+01,7.74463441795323e-01
1.08715994070471e+01,1.24871730639874e+01,-1.67605873547503e-01
1.18524087267532e+01,1.65370421718081e+01,4.40031756038327e-01
1.52147161646911e+01,1.48430150210715e+01,1.73582199189487e-01
1.75881342792329e+01,1.51120783647574e+01,-1.74849309297069e+00
1.61212678232960e+01,1.32777271121521e+01,-1.59051159573460e-01
2.00437391523513e+01,1.35057659582239e+01,-1.49912391396659e+00
2.01271233834931e+01,1.20189577267627e+01,-1.44627471425808e+00
1.20074331746237e-02,1.60210698128649e+01,-1.63213074215845e+00
1.73916514572060e+00,7.90524971099133e-01,-1.02801347707034e+00
7.10270315015406e-01,1.53291836338218e+01,-1.48180341560745e+00
2.08919360088084e+01,1.38370224469170e+01,-1.65659348950369e+00
2.49778150632161e+00,1.42630736514182e+01,-2.11787806207470e+00
2.94211115258681e+00,1.22834308998465e+01,6.51220578837611e-02
4.08432814543147e+00,1.59744224228217e+01,-1.34942631535569e+00
4.84995503887115e+00,1.51818408383442e+01,-1.40715178786058e+00
5.00652362878740e+00,1.39116654044956e+01,-1.34101324427118e+00
6.76423765724623e+00,1.37595427172271e+01,-8.42341808040216e-01
7.55644573989820e+00,1.50288077694283e+01,-1.56699188196169e+00
1.11230989645962e+01,1.15082203135846e+01,-3.49388517815721e-01
1.09186557649210e+01,1.55853124851701e+01,6.80711722705197e-01
1.07757154261419e+01,1.64913420976811e+01,-2.28213754350281e+00
1.48809327953446e+01,1.60831231326319e+01,-2.14416757961096e+00
1.56768681977423e+01,1.56291583371296e+01,3.51610122206978e-01
1.65383492155929e+01,1.50072370774436e+01,-7.61427222061629e-01
1.59806460600786e+01,1.72649448513894e+01,-9.64749103167891e-02
1.85451328020557e+01,1.54990008846973e+01,-1.60798699114904e+00
2.03662001969870e+01,1.48013846179898e+01,-1.10521337909761e+00
1.00741900224443e+00,3.93646615291969e-01,-1.28263448085626e+00
1.04704260401206e+00,1.64922882226292e+00,-1.14610832463971e+00
1.31941456539836e-01,1.33725715367073e+01,-2.05481857607651e+00
9.03664187257689e-01,1.39820841157312e+01,-1.08097150985575e+00
1.55038115897867e+00,1.45342731002371e+01,-1.25688777365220e+00
2.38305837970036e+00,1.53044550955190e+01,7.11329622954046e-01
3.29307284212749e+00,1.40711459835876e+01,-2.17805198231271e+00
5.58102128401266e+00,1.56929520471408e+01,-1.06829832504981e+00
7.69501932036958e+00,1.37544894563893e+01,-1.04871539957760e+00
8.28985591428409e+00,1.13827680429245e+01,-8.39883935472527e-01
8.35346451654282e+00,1.43530705616406e+01,-1.24629395524034e+00
9.80679604946814e+00,1.54187053737564e+01,5.92295716726625e-01
1.04470169649978e+01,1.83131083324056e+01,-1.99310758106497e+00
1.17713782283348e+01,1.75043708908137e+01,6.71494497927904e-01
1.28407749877841e+01,1.70705697547854e+01,-4.70836461763218e-01
1.29640969891962e+01,1.60349955123693e+01,-7.17313878216744e-01
1.79948041915416e+01,1.76093780046370e+01,-4.46404541665399e-01
1.70744629955627e+01,1.40114425300293e+01,5.65143925922852e-01
1.93593318689137e+01,1.46302567066230e+01,-9.30649778721352e-01
2.14292564717680e+01,1.47216896484747e+01,-1.12137958788499e+00
1.99116633126344e+01,1.66684316399322e+01,-2.04867335626696e+00
1.34914388142089e+00,1.75777868903383e+01,-9.35881801102210e-01
1.88819920044066e+00,1.82749380458007e+01,-1.38937827974185e+00
9.61827042109307e-01,1.65469775389827e+01,6.25443928708739e-01
3.37108702133170e+00,1.78993766879705e+01,7.10310771183859e-01
1.46901433081451e+00,1.57119439785582e+01,-1.21232099489118e+00
4.20177351691934e+00,1.46790305190222e+01,-1.17880680062107e+00
5.27530136206811e+00,1.70127694653400e+01,-1.23560513570263e+00
6.27347633585783e+00,1.70299127445444e+01,-5.08408880358662e-01
5.76910489634871e+00,1.44793170868429e+01,-6.79823656801706e-01
8.47140534672051e+00,1.24360607398045e+01,-9.64951783459590e-01
8.79472667314137e+00,1.31258883832121e+01,-7.82157392351387e-01
9.72094105561287e+00,1.70489305281146e+01,7.34061365224540e-01
1.07448334615476e+01,1.74850964756869e+01,-2.18766821876582e+00
1.48277295210432e+01,7.91682609986421e-01,3.30982485483151e-01
1.38602392328389e+01,1.64060671829245e+01,-1.06482994206314e+00
1.53331126843237e+01,1.78795074646473e+01,2.59630135348240e-01
1.69356371225763e+01,1.60126161043230e+01,-1.00440996103295e-01
1.89435442791793e+01,1.35687006197248e+01,4.99675026189077e-01
2.06207261784799e+01,1.57972566455603e+01,-1.03710424360610e+00
1.79616057539808e+01,1.64013169628922e+01,-1.80932200901729e+00
2.08587654929008e+01,1.69713759263042e+01,-1.46375940202063e+00
2.64927071871759e+00,4.76003324198667e-01,-8.46157050214845e-01
2.73084777165947e+00,1.81648075911542e+01,-2.30241258284436e+00
2.50492529365243e+00,1.71882416772631e+01,-5.41029156300091e-01
2.09223885449157e+00,1.64170631675265e+01,-8.25348597230292e-01
3.37014488783184e+00,1.51843294098957e+01,-2.26455003640616e+00
4.70014663748738e+00,1.65440050327872e+01,-1.11488073990189e+00
6.64052974634511e+00,1.49519766347711e+01,-9.78779781154554e-01
6.07869225948999e+00,1.61811156802135e+01,-9.76595182247300e-01
7.44614389489898e+00,1.68369010198864e+01,-1.06586492808054e-01
1.05604473195663e+01,1.36595884258369e+01,-1.61903700185938e+00
9.75329482852428e+00,3.53326849791935e-01,-2.32964953440126e+00
1.25351996700764e+01,4.79946035324432e-01,-1.21166354183740e-01
1.33345125999951e+01,1.93551501644355e+00,4.51242689495319e-01
1.63757660331761e+01,4.28095724027981e-02,2.89668242494259e-01
1.48129732242022e+01,1.70257702602100e+01,1.31962078226764e-01
1.70854401730517e+01,1.69948373346531e+01,3.60998045846909e-01
1.95179056006711e+01,1.57251976851614e+01,-6.90308045534331e-01
1.89275357368228e+01,1.68353340459845e+01,-1.88103463558259e+00
2.87476550118097e-01,1.72107378750202e+01,-2.00350371154662e+00
8.21750478192480e-02,2.11402989837700e+00,4.74773564887965e-01
2.16213973518402e+00,1.66605718414154e+00,-9.56774948896502e-01
2.32703297433988e+00,2.64151510935061e+00,-1.39145583883851e+00
1.91888256395632e+00,3.56848684092648e+00,-1.69322833482211e+00
2.77372725439971e+00,3.55943402653258e+00,-1.31390562506232e+00
3.72622517604846e+00,1.71000218838496e+01,-1.07866168898548e-01
5.77676714424789e+00,1.79406860145437e+01,1.42611702758637e-01
6.81420370248450e+00,1.28976822493291e-01,-2.20838578933031e+00
8.10025778219624e+00,1.57936495390113e+01,-1.21528938045830e+00
1.01808305620257e+01,1.45838971036138e+01,5.43617089120889e-01
7.00389263452928e+00,1.60193106790068e+01,-7.21116031441204e-01
8.94280719026275e+00,1.59102896219822e+01,-1.48473917295645e+00
1.15711326881214e+01,1.85188201479994e+01,1.10788743065262e-01
1.10688031074031e+01,7.41311524002694e-01,7.04398432533402e-03
1.27517439855405e+01,1.81130105250272e+01,-1.99618602408428e-01
1.39239061465247e+01,1.76318508030871e+01,6.06073997280196e-01
1.60238972258071e+01,7.53600929319268e-01,3.63163884618951e-01
1.67478977381097e+01,1.79275022770133e+01,1.81206880304712e-01
1.82626703728852e+01,1.43145743642461e+01,7.15837227599344e-01
2.00664535174694e+01,1.76585542237698e+01,5.45026367481182e-01
4.16497276980339e-01,1.84483914586173e+01,-1.22449158644916e+00
2.06264654382910e+01,2.46827479596245e+00,-3.75891562157500e-01
1.13524217344519e+00,3.89512912561971e+00,-2.02812290572822e+00
2.05706275437374e+01,3.37900155589646e+00,-1.34395528171925e-01
3.16004817208094e+00,1.61991637195021e+01,-2.11138863668673e+00
4.49226084758177e+00,1.78360825717449e+01,-8.76004758409179e-01
3.81955724864912e+00,2.01515835188077e-01,1.08155375754288e-01
7.75344960901357e+00,3.76665497824611e-02,-1.43790295696864e+00
7.03223919743703e+00,1.77595067661854e+01,3.17558739746878e-01
9.03345025004801e+00,1.47712959533668e+01,-8.07514884699640e-01
8.59360655850154e+00,1.68746478126609e+01,4.42289866669843e-01
1.01543811027724e+01,1.36948065822772e+00,3.86644181796376e-01
1.13985565222204e+01,1.55290501608814e+00,3.54327338679513e-01
1.23031337008798e+01,1.30721329563207e+00,4.85339157087864e-01
1.37970929636643e+01,9.22268812570624e-02,2.86427878405231e-01
1.46442048661309e+01,6.06232948152405e+00,-2.29899883729490e+00
1.49754746611309e+01,1.85547338274914e+01,4.22363850966845e-01
1.91114566970957e+01,1.79763544060841e+01,6.09801219785150e-02
2.01710097956073e+01,1.49078475889758e-01,-1.65517122646936e+00
2.10984263113300e+01,1.81190309807273e+01,-1.37241211746704e+00
1.93833699866311e+01,1.22380983978776e+00,-9.58322178569258e-01
1.29708339564198e+00,2.70155966032271e+00,-9.20509034376453e-02
6.23524160485409e-02,4.05352798739179e+00,4.70353682270423e-01
