2.07156394278333e+01,4.29035731490346e+00,-1.14665953176991e+00
1.91667080522748e+01,3.10186110139471e+00,-1.24280227221534e+00
3.09238435550068e+00,5.25904150036753e-01,-1.60906621662990e+00
3.71274462486423e+00,2.72067684517823e+00,-8.03688137688593e-01
5.37089482932601e+00,1.68785497684498e+01,-2.30180820225632e+00
7.17197870926076e+00,7.70917152023993e-02,4.66323982385330e-01
5.98441880155762e+00,1.79979419747300e+01,5.28016255372172e-01
8.55835045499243e+00,1.66599082974298e+01,-1.84555210187636e+00
8.15463280491413e+00,1.76395862256328e+01,7.09641935965982e-01
9.79957903698753e+00,1.60953715667921e+00,-2.90966211254143e-01
9.65277911591978e+00,2.59562024314785e+00,4.02340704539472e-01
1.12179688893165e+01,1.15987150808549e+00,-1.88166357272892e-01
1.06326521589128e+01,2.07074099160058e+00,-8.48517301603217e-01
1.37809160489724e+01,3.07409099381195e+00,-1.18434185670778e+00
1.52568981600523e+01,7.86316181110987e-01,-1.34241264167772e+00
1.87134512340877e+01,1.85394321631957e+01,-5.78824320888862e-01
1.96292679964076e+01,1.77566144659848e+01,-1.06451907844714e+00
1.67633362531316e+01,1.83941939759271e+01,-2.27876009900744e+00
1.89754756688181e+01,8.09703738039920e-01,1.01182980936328e-01
1.97835062343729e+01,1.97620126612819e-01,1.97534443084017e-01
2.75496099662978e-01,3.71340258294278e+00,-5.24744255081287e-01
3.41457847095074e+00,1.68435851462157e+00,-1.33425172817226e+00
3.01462851978147e+00,1.79092772337976e+01,-1.02268270796864e+00
4.05503396791269e+00,6.25032735286540e-01,-1.11443416870955e+00
4.84259807178954e+00,1.77370713057217e+01,-2.59260963650182e-01
4.98566126093702e+00,1.85677863045838e+01,1.96387989610201e-02
6.29675691766219e+00,4.42410546342368e-01,5.86396455284473e-01
8.33777075887709e+00,3.80578397262595e-02,-2.75434723879066e-01
1.00552459281108e+01,5.48346895856653e+00,-1.35505379767425e+00
1.36402974749230e+01,1.19154992952159e+00,1.08835073587946e-02
1.32802311458190e+01,2.11638404024189e+00,-4.40002971874011e-02
1.44869543809989e+01,1.88933976162374e+00,-1.03375671802332e+00
1.40239250806463e+01,4.25526931371033e+00,-1.56460157910930e+00
1.46654845990173e+01,3.09426171154793e+00,-1.24290217207380e+00
1.77803834506355e+01,1.82989080668870e+01,-9.92568673955509e-01
1.64281516747534e+01,2.90981759947951e+00,-3.39069230728503e-01
1.69629908358818e+01,1.75216547509033e+01,3.45257756881902e-01
2.10254872388061e+01,1.96740253662757e+00,-2.35290037782460e+00
1.82502384261193e+01,1.62826881145444e+00,-4.53582517215971e-01
1.54645917185141e-01,4.70626890233890e+00,-4.09951444014524e-01
1.99870273305765e+01,3.58202285938696e+00,-1.56501958806861e+00
1.43467351273755e+00,3.05295084659447e+00,-3.73634470569278e-01
3.82474379764657e+00,1.82027145149587e+01,-8.88232114250422e-01
3.56742038574690e+00,3.92778615013661e+00,-1.47289609629213e+00
4.36737538534722e+00,1.60119486084726e+00,-9.95167456886604e-01
5.26426044012858e+00,8.12737429359692e-01,6.27299226557808e-02
6.06186169681589e+00,3.90551093082049e+00,-8.82578772316893e-01
5.47714045071732e+00,1.66649013204858e+00,4.01652475832747e-01
7.56983858309845e+00,1.02803421400116e+00,-1.26409320670127e-01
8.93708230019058e+00,9.48354835836705e-01,3.82911471815305e-02
1.23807370701724e+01,1.52707076672754e+00,1.35113695450714e-01
1.07001897086615e+01,3.06624068704812e+00,-1.29319960441336e+00
8.96659649694967e+00,3.56407646225104e+00,-9.44818071924754e-01
1.29460638540618e+01,3.18340894286724e+00,-1.36697258333829e+00
1.53900046090628e+01,3.10288694494545e+00,-1.17545023684110e+00
1.62601174343959e+01,8.12773913424749e-01,-9.81522183917860e-01
1.61616277584668e+01,2.02762325090656e+00,-1.07766505766330e+00
1.91355082819672e+01,1.87123164372753e+00,-1.26883949778795e+00
1.91264391605790e+01,4.23157488665878e+00,-9.78574512028947e-01
2.05033518730594e+01,5.40230973335316e+00,-5.35489185117613e-01
1.44503290037920e+00,4.72359490545985e+00,-2.64367690815671e-01
1.34783215414951e+00,3.90698143707508e+00,-4.76007117443807e-01
2.53612025471288e+00,2.46832066167302e+00,-5.24841529578169e-02
4.93514514207949e+00,2.40943697659824e+00,-4.39079897412919e-02
5.40447542040942e+00,3.25554483740334e+00,-1.20040962300355e+00
5.08153799465751e+00,4.47484826728666e+00,-1.78673003877714e+00
6.87177992365333e+00,3.07277188107530e+00,-1.59892043803087e+00
6.47527532785648e+00,1.58471718294828e+00,-2.04688474809933e+00
7.46287412880704e+00,2.19461434750580e+00,-1.81803272511191e+00
8.57137048191589e+00,1.79522010764920e+00,2.94768298348819e-01
9.45448226364549e+00,4.53333797422621e+00,4.01170863962265e-01
8.47596208330448e+00,2.66616607564055e+00,1.90113365073061e-01
9.93121448429844e+00,3.67093432506665e+00,-1.49075368111599e+00
1.22252007801586e+01,2.69777258176273e+00,-1.20267821447244e+00
1.54035916111021e+01,1.86621198779914e+00,-1.12015715912343e+00
1.76310490552209e+01,2.53769610840611e+00,-8.01598998732108e-01
1.70287709173854e+01,9.40582674681625e-01,-1.18162026568338e+00
1.71214241689770e+01,1.93666003789445e+00,-6.89564520371690e-01
1.89071535903979e+01,5.35106251558913e+00,-1.79113338359978e+00
2.03221089376942e+01,7.15106969824329e+00,7.68790351708071e-01
2.07738963482714e+01,6.31990207695501e+00,2.10616222525121e-01
2.47124628655160e+00,4.09495636397814e+00,1.66203128751958e-03
2.60955411583718e+00,3.31667404495877e+00,-4.88010918891070e-02
2.87199830395880e+00,4.82786662823206e+00,-8.76426844674223e-02
4.48032260759168e+00,3.48758909069349e+00,-1.39265851790572e+00
6.18338864403767e+00,5.01456075464091e+00,4.84459351516443e-01
7.51846859792968e+00,5.17865341593238e+00,1.16134115365611e-01
8.86277907444828e+00,5.24746506193130e+00,3.10446911270995e-01
8.21084247786470e+00,4.37326804772996e+00,-1.66912032156994e-01
7.82220436079685e+00,3.41370349839658e+00,-2.06573567626859e+00
1.40368635897938e+01,9.80074220708744e+00,6.47097213227583e-01
1.33586534422910e+01,6.94945050222393e+00,-2.23378543160448e+00
1.14964549469515e+01,2.16399791222576e+00,-1.35189499206614e+00
1.06518517746034e+01,4.44635438421910e+00,-1.55331683407752e+00
1.49336369574493e+01,4.30778744348003e+00,-2.01768625578714e+00
1.58087803528448e+01,3.84883064399598e+00,-6.84366817330159e-01
1.85639687405637e+01,6.16431952878648e+00,-2.18520845061852e+00
1.81161857609699e+01,4.82355912859344e+00,-1.29564347715592e+00
1.97442714452042e+01,4.93234594048031e+00,-1.16620124813593e+00
6.69251481070779e-01,9.75669234827694e+00,-4.94293510989783e-02
2.78479592694159e-01,5.52247466324735e+00,-2.98246290421584e-01
4.17359935797200e+00,6.36765803998137e+00,-1.80486061287652e+00
4.08532954106286e+00,4.87625357945763e+00,-1.28477410651359e+00
5.18318436881596e+00,6.65405039191956e+00,-6.18651099253864e-01
5.73450489621947e+00,5.72295150980898e+00,-2.34707677506118e+00
6.99820051372240e+00,5.89301049494438e+00,3.13472927303687e-01
8.20608064113330e+00,6.05108993976357e+00,-1.24091170900705e+00
1.08870208677590e+01,7.11175701354371e+00,-1.21478474764488e+00
9.20824697443677e+00,6.23223857895531e+00,-8.34870111768386e-01
1.00912659071060e+01,6.64905141712824e+00,-1.13559542315226e+00
1.28633007071179e+01,7.80684044394109e+00,1.99679358215458e-01
1.23646417836184e+01,8.52521138642791e+00,-2.34823880723618e+00
1.16574553517925e+01,4.84112037722218e+00,-1.96505704758569e+00
1.50163943280972e+01,6.34591125860194e+00,7.28094565528388e-01
1.58979769073627e+01,5.60982355858141e+00,-6.32411145245991e-01
1.72152074628207e+01,4.20557210362977e+00,-1.97411705041377e-01
1.81852249693391e+01,3.73126806865466e+00,2.18878813784417e-01
1.95512791854667e+01,6.23919642966302e+00,-1.21363592778652e+00
2.07921678107999e+01,8.19941721964810e+00,6.01631356203769e-01
6.20698500780168e-01,1.06165030061335e+01,5.19873936794808e-02
1.70464197831362e+00,1.03259403930458e+01,-2.20562966545336e+00
2.15523487372112e+00,5.90554864008978e+00,-4.04524079995591e-03
1.75662187462555e+00,5.34654288855353e+00,-9.61728509032685e-02
4.81247792393829e+00,5.60874646790109e+00,-1.82452702046781e+00
6.27042214820258e+00,6.63373523716798e+00,-7.04689592886851e-01
6.10179989431140e+00,2.61299321567904e+00,-1.82179590483359e+00
7.23176468626285e+00,6.81063490316867e+00,-5.83450384626946e-01
9.96105092373239e+00,7.80006499498566e+00,-3.63583654924046e-01
1.17252586710561e+01,6.19304365068309e+00,-1.23374507176007e+00
8.92304348317674e+00,8.24473384888976e+00,2.41668865929146e-01
1.31923237531453e+01,1.02047648714659e+01,3.22480307644723e-01
1.33710837695832e+01,8.73705357237945e+00,-1.59073368221983e+00
1.26246911982248e+01,5.59483493750976e+00,-1.84328364820321e+00
1.23038696957612e+01,4.06368719740529e+00,-1.79180203604112e+00
1.14457060208881e+01,3.50934997031178e+00,-1.41053970687111e+00
1.48165681021470e+01,5.27544434649252e+00,4.38051455907588e-01
1.83178401394736e+01,2.76906841577957e+00,-9.49115927131248e-01
1.60300598371577e+01,4.66748033022102e+00,-5.75088667885941e-01
1.85650997229664e+01,7.11850438048319e+00,-2.24470975809629e+00
2.00785455979534e+01,8.76566544458747e+00,-1.96915177720037e+00
1.09340706523157e+00,6.27762985902931e+00,-1.58813961631675e+00
3.62133670467863e+00,7.37461512885625e+00,-1.14417935429733e+00
3.07593800186568e+00,6.54869954606710e+00,-1.67833187537683e-02
3.21057240802928e+00,5.63803735719042e+00,3.20579330600374e-01
5.36467184913343e+00,7.48688691951951e+00,-8.36899872258242e-01
8.15119416321097e+00,7.00733241907372e+00,-4.38842675548753e-01
7.01125683379311e+00,4.29358269683971e+00,-7.02615248854208e-01
9.09806013875582e+00,7.25883676837053e+00,-6.21226330647475e-01
1.24311278641287e+01,6.84270378326162e+00,-1.33305986783987e+00
1.20881203732568e+01,1.01894903603704e+01,7.63646125285852e-01
1.53467571357587e+01,1.05216579962186e+01,2.36765670532577e-01
1.09425998713596e+01,5.78358817639894e+00,-1.34102024592748e+00
1.41440145987361e+01,7.84352092118930e+00,-7.51169949256863e-02
1.39664698378113e+01,5.53550000400345e+00,-2.05970111685898e+00
1.34575832108568e+01,5.95391281641803e+00,-2.05649144397897e+00
1.70237355546721e+01,3.50782759154969e+00,-5.12910418995508e-01
1.70787561945906e+01,5.07804319675009e+00,1.16742569415532e-01
1.79635198745597e+01,7.51112223431198e+00,-2.26079977751803e+00
1.91070248186815e+01,8.25205400161239e+00,-2.27757357885813e+00
2.11265455670740e+01,9.31111492114085e+00,6.10264425631939e-01
1.95522723429709e+01,7.43879123466124e+00,-2.20771579544303e+00
8.86842090401514e-01,7.66979639701893e+00,-1.79759577370638e+00
1.98888570738610e+00,6.79621304953780e+00,-2.06588009232391e+00
4.38718971684604e+00,7.63858163755440e+00,-1.02622680781850e+00
4.79676585609021e+00,8.48467857932489e+00,-4.72047326145982e-01
6.89163774060886e+00,8.67173808456033e+00,-5.78181595864736e-01
5.99224843529459e+00,7.72106005043189e+00,-8.07545535544016e-01
7.92466939042881e+00,7.86016235056339e+00,-3.56603455546753e-01
9.92339365596224e+00,8.84706360069288e+00,6.33086697051665e-01
1.17301941214573e+01,7.62695265211013e+00,-1.63847907929160e+00
1.39604898282198e+01,1.17386531361748e+01,-6.08856263111019e-01
1.41793201604972e+01,1.08114192933594e+01,4.17130175975325e-02
1.26963729903916e+01,9.43343168863807e+00,5.92618899085287e-02
1.42509311603977e+01,8.82964605714367e+00,-1.77016065416574e+00
1.43442501512836e+01,6.83440832306941e+00,-2.23202279710094e+00
1.67497194888525e+01,5.96324971403520e+00,-9.56873388237712e-01
1.92386053032950e+01,9.51134854403422e+00,-1.44549729967480e+00
1.76967537505260e+01,6.12378567320861e+00,-1.61021213343798e+00
2.01585477898668e+01,9.77726887106918e+00,-3.84348773634388e-01
5.88237203812549e-01,1.14858102712547e+01,-2.16716961182638e+00
2.67511555971515e-01,6.62295201661355e+00,-2.09479894958465e+00
1.61424914812230e+00,1.13349796923721e+01,3.74375946330236e-01
2.07428638243870e+00,8.20545141441559e+00,-1.60593675094126e+00
2.73724967273200e+00,7.64396803798626e+00,-1.89395205725999e+00
3.65596865265192e+00,8.57448626421970e+00,-2.24571379356578e+00
5.75437769551847e+00,8.76679639834534e+00,-7.55216153788111e-01
7.26600730119551e+00,9.55082966196163e+00,-3.31918286489292e-01
1.02723068364222e+01,1.00006095406910e+01,7.81743571146062e-01
8.06325546696776e+00,8.81907729038742e+00,6.32401847224933e-01
1.16142577487960e+01,8.98177962392342e+00,-1.56318681519803e+00
1.38259464522333e+01,1.29796751151764e+01,-1.16668084679658e+00
1.61927729058879e+01,9.93033807695033e+00,-6.38470379737576e-01
1.50513190744966e+01,9.60291276397995e+00,7.12334467149586e-01
1.53473484945134e+01,7.47280816917123e+00,3.69649709428059e-01
1.60353873233502e+01,6.76476223965240e+00,-1.92579697476360e+00
1.69969562487741e+01,7.05196461541716e+00,-1.41671301544255e+00
1.84109282818976e+01,8.60408614940409e+00,-2.28988211665339e+00
1.98379583189906e+01,1.06412491461840e+01,-2.15614526349132e+00
2.09946032859700e+01,1.02827109676957e+01,-2.82955840420302e-01
4.57123220785031e-01,8.64856198785763e+00,-2.24665569007784e+00
2.45549887618519e+00,1.27968790952027e+01,-2.56281382782805e-01
2.13777753793908e+01,7.47911001387012e+00,-2.17315602233004e+00
2.32541122224433e+00,9.67050376399538e+00,-1.93729631385638e+00
4.36471845008410e+00,1.10600399999741e+01,-2.23930682714439e+00
2.87539076692197e+00,8.94082881286822e+00,-2.02522722722472e+00
6.01826870291760e+00,9.67703819397605e+00,-5.09801894755835e-01
8.52650946681666e+00,9.87715230399044e+00,6.27229578490705e-01
6.84250645764858e+00,7.77796010514101e+00,-6.87549740549578e-01
1.08475645744698e+01,1.12022136440654e+01,-2.07290863778622e+00
1.09187672162075e+01,9.55296904898854e+00,-2.24840494093641e+00
1.32017812279203e+01,1.25581599826219e+01,-1.59121729242094e+00
1.54137242994253e+01,1.13427158024112e+01,2.92464766111048e-02
1.65899478554693e+01,1.09066183121245e+01,8.19789693385335e-02
1.51741128404208e+01,8.49229503164755e+00,-5.60206829487131e-01
1.68851273810115e+01,9.00090647849646e+00,5.49407683200559e-01
1.63359032477351e+01,8.00354725969455e+00,-9.87409467154580e-01
1.89512824217335e+01,1.06655367614514e+01,-1.84570539784856e+00
1.96430343413326e+01,1.17127008585517e+01,-1.10377063994964e+00
2.08844343730181e+01,1.11226144572163e+01,-4.21939148978390e-01
1.50438588618389e+00,1.23271245437673e+01,-2.20422423146595e+00
1.48819359330477e+00,7.52528013265214e+00,-1.69313663562342e+00
3.27278587413724e+00,1.02836600774557e+01,-2.02492222070983e+00
4.67775831860223e+00,1.22885596476993e+01,-2.19351634616507e+00
3.90632999074090e+00,9.77169916727285e+00,-2.22113096233999e+00
4.77163986788749e+00,9.46011868253544e+00,4.56584560935000e-01
7.65926892552173e+00,1.03463181463306e+01,-8.33761864490494e-02
9.17704269828389e+00,9.35123876727545e+00,-2.18556659734306e+00
1.08694617936614e+01,8.35608403023803e+00,-1.25853419271442e+00
1.15106113112253e+01,1.06583589548992e+01,6.04458944146507e-01
1.29948275123918e+01,1.40566419172324e+01,-1.09251674985903e+00
1.57669590440480e+01,1.22223918590893e+01,-8.52770242329504e-01
1.47195027590056e+01,1.21432457211179e+01,-5.27732920427197e-01
1.72572430105967e+01,1.00760871494013e+01,-1.69766398423481e+00
1.58667808078924e+01,9.06803318804436e+00,-8.01431781025723e-01
1.74170561557784e+01,8.21423525692413e+00,-2.09765539955070e+00
1.80648870014220e+01,9.46973554414523e+00,7.34836682144921e-01
1.81418861058432e+01,1.05859048712213e+01,-1.97138487376661e+00
2.01796669718977e+01,1.32892861737759e+01,-9.44339717470914e-01
6.80849508979751e-01,1.26260656979169e+01,-1.97733168229150e+00
1.44462013874781e+00,1.35832438798496e+01,-1.28175902534965e+00
1.45893434762929e+00,8.96828164680028e+00,-1.69851148601980e+00
3.68053048802193e+00,1.15483488067831e+01,7.59745826765750e-01
5.08599729277435e+00,1.03903309699067e+01,7.56502121762557e-02
5.66104282640990e+00,1.11879738931884e+01,9.63532716707038e-02
8.97694599120519e+00,1.08781614598242e+01,5.39927367689209e-01
9.73529006103490e+00,1.05339136329770e+01,7.56110069063109e-01
1.01070080348285e+01,1.17114240052750e+01,-1.74929888370511e+00
1.08640085709083e+01,1.24128547910992e+01,-6.27581797018411e-01
1.44074957647661e+01,1.48192082281498e+01,-3.16731104535240e-01
1.30872517897374e+01,1.11535073885825e+01,-2.04525507997353e+00
1.26282886298040e+01,1.30907271844915e+01,-1.54721377058514e+00
1.39314488996636e+01,1.40636131388293e+01,-1.06211685947989e+00
1.67194396689612e+01,1.26529394065738e+01,-5.46334655115037e-01
1.68511155643517e+01,1.17748394877251e+01,3.59581286723567e-01
1.80071179487476e+01,1.24238611035375e+01,5.17721830363879e-01
1.86907858216836e+01,1.17520563201269e+01,-1.97731172733509e+00
2.11547966909329e+01,1.27447679949861e+01,-4.91001447002564e-01
2.14008069120233e+01,1.18523315351518e+01,2.66467322986707e-01
4.25105516282745e-01,1.36512306997627e+01,7.36394105494652e-01
1.11179959091321e+00,1.48495023742410e+01,-1.73847336043424e+00
2.66158042088914e+00,1.09799380036925e+01,-2.10837319683021e+00
3.68241207940268e+00,1.25288879519850e+01,2.92029488629364e-01
5.30328554421406e+00,1.19274645516936e+01,7.43683804051649e-01
6.40702536501320e+00,1.04239746990112e+01,-3.04891752732387e-01
7.38151151032671e+00,1.22175748410638e+01,-1.05129518053290e+00
6.89183122424168e+00,1.12324666961281e+01,-1.11939445821184e+00
9.80820231525468e+00,1.30069535631402e+01,-1.30160635878346e+00
1.25096529096362e+01,1.16555828228603e+01,-1.82283327481157e+00
1.12985684963414e+01,1.58996039200927e+01,-9.86654128590568e-01
1.18737902737458e+01,1.27257429859090e+01,-6.65724414728082e-01
1.19585294264082e+01,1.48907551009353e+01,-1.06599576996315e-01
1.48007160391502e+01,1.30458865017377e+01,-6.57456041220153e-01
1.68661068936806e+01,1.37516651572056e+01,7.03359018871294e-01
1.77060487192389e+01,1.13024774586494e+01,-2.10094891963009e+00
1.92220841970414e+01,1.28584497557450e+01,-3.30057337314873e-01
2.03502133823476e+01,1.22672886108756e+01,-9.06346040038063e-01
2.12165977923897e+01,1.69057405819021e+01,-1.50204472797517e+00
1.13527754514626e+00,1.83181624576908e+01,-9.39500578585488e-02
2.87307987871356e-01,1.60634996038952e+01,-1.80516066342934e+00
2.10205539930564e+01,1.38550425837919e+01,-1.89755947103965e+00
2.23728435636354e+00,1.37632934743454e+01,-1.01497918710655e+00
2.61698192288003e+00,1.19507123241023e+01,6.94681689754694e-02
4.37543492684639e+00,1.40826221741286e+01,2.28895716128362e-01
5.69046931952440e+00,1.39875649819217e+01,-2.69891037899586e-02
5.70544239800226e+00,1.29819696221382e+01,5.46585748955042e-01
6.33660906909467e+00,1.21690644778846e+01,-2.00780643988361e+00
9.02390857935456e+00,1.41264865576225e+01,-1.32766801378044e+00
1.17298109325486e+01,1.17607202647105e+01,-1.23096569008136e+00
1.19112699209587e+01,1.38508511658510e+01,6.73635793530388e-01
1.24762117466680e+01,1.57027624870937e+01,2.13250594689154e-01
1.44758647589681e+01,1.60241670675996e+01,-5.63796662230919e-01
1.32384385146739e+01,1.50641236909488e+01,-1.92218474928586e-01
1.50410343440855e+01,1.40415852434776e+01,4.47733089890869e-01
1.53482500642177e+01,1.50902937159654e+01,-4.29934684177958e-01
1.78435072075725e+01,1.43294360066163e+01,-2.02708079429967e+00
2.01320389089887e+01,1.44898235221284e+01,6.15202491776191e-01
2.14606427241711e+01,1.60551657894608e-01,-2.01294430991892e+00
8.17949261744756e-01,7.17032073627742e-01,-1.94236844264247e+00
4.01605049373380e-01,1.48304967196471e+01,-1.85338464865486e+00
9.29791302433790e-01,1.61250027747565e+01,-1.65058609863494e+00
1.80559993384970e+00,1.47712278003849e+01,-1.43860038130948e+00
2.58033489867136e+00,1.51840578945098e+01,-1.01923553906815e+00
3.36924840794100e+00,1.34077537541305e+01,1.61087775295028e-01
6.47624987101736e+00,1.45555952124183e+01,-9.70553426126075e-01
7.87105217501335e+00,1.30585800971301e+01,-1.05274542412944e+00
7.89520089576669e+00,1.11286724317631e+01,-7.87209673754216e-01
8.79774340317550e+00,1.28729743969160e+01,-1.53044958488277e+00
1.07738717091227e+01,1.52132708933496e+01,-3.16389568689866e-01
1.01494525326819e+01,1.77284113845428e+01,-1.89612115060620e+00
1.25286893955669e+01,1.72034566402399e+01,-3.75659323699931e-01
1.31479863489731e+01,1.63653215519992e+01,-3.07948550432555e-01
1.39173314537578e+01,1.55847575973013e+01,-3.42542382704807e-01
1.74368623392767e+01,1.61896727456124e+01,7.58037479667013e-01
1.57927473639610e+01,1.33382065049833e+01,-1.85289800395464e+00
1.92842365395925e+01,1.38438051310584e+01,-2.00997561438091e-02
2.07440386883407e+01,1.59539591783574e+01,-4.60594466899256e-01
1.92913777136819e+01,1.53167794337327e+01,-5.57108344736319e-01
4.69802314447520e-02,1.78892144914100e+01,5.98466348311464e-01
7.17422577230605e-01,1.72771496925556e+01,-1.85697104166067e+00
1.52301628719107e+00,1.71208507752617e+01,-1.37823698377211e+00
4.34040976518288e+00,1.61553995664324e+01,1.86682654700890e-01
1.70927740188065e+00,1.59337570632161e+01,-1.09579608233527e+00
4.63299936740921e+00,1.33069108970187e+01,3.02442823746702e-01
6.60224424856589e+00,1.53914156803016e+01,-2.47924839381846e-01
7.56106382534515e+00,1.54358924431725e+01,-1.30777708567583e+00
6.78158760110879e+00,1.33820445685002e+01,-1.28655564566347e+00
8.42512291401366e+00,1.18252897429218e+01,-1.00009385117625e+00
9.34225023053747e+00,1.19296633322703e+01,-1.78441760120560e+00
1.08888035461101e+01,1.71398706626195e+01,-1.94850396714936e+00
1.19305790980961e+01,1.65810176959378e+01,-7.29462248285066e-01
1.44996617394047e+01,5.83887944727366e-01,-1.63157751792863e+00
1.36376721816999e+01,1.70177008811056e+01,-7.39023576766056e-01
1.55992687734825e+01,1.61808451187174e+01,-1.60095745916505e+00
1.61694098173413e+01,1.44048281277884e+01,4.68745200742520e-01
1.83650076709716e+01,1.35856849800038e+01,-1.72951797951337e+00
2.11427701112078e+01,1.50203470313220e+01,-2.32037351707246e+00
1.71946785122720e+01,1.49561910997825e+01,-1.75459573744059e+00
2.00551833340445e+01,1.55331600808618e+01,-6.55275781717506e-01
2.21283730953998e+00,1.76470040984834e+01,-9.45504264971789e-01
3.24990592699295e+00,1.67433861591396e+01,-8.40529940438009e-01
3.34885459924264e+00,1.56312370131328e+01,-1.57736007755339e+00
2.48170200761135e+00,1.64034344592725e+01,-1.23333865158228e+00
2.93396801629823e+00,1.42611467753805e+01,-2.77771360920286e-01
5.35743979155872e+00,1.48768130163464e+01,4.01799098018884e-01
7.34174814910697e+00,1.43261662086790e+01,-1.36323121931171e+00
8.19822319468169e+00,1.41096910841092e+01,-1.29146395763171e+00
8.31642570522017e+00,1.54250327320612e+01,-1.27038485781278e+00
1.08381158878544e+01,1.34072708002134e+01,-2.66172902125507e-01
9.15272703262210e+00,1.77020897906139e+01,-1.31639587653143e+00
1.24531236350513e+01,1.86077490317180e+01,4.06533945728801e-01
1.25743796073619e+01,7.56417771683784e-01,-1.41863906143539e-01
1.57826462712699e+01,1.73850803132713e+01,-2.24123752007219e+00
1.47521334683471e+01,1.69170622113723e+01,-5.99570195042692e-01
1.64648789179728e+01,1.55612981781733e+01,-1.89923623536157e+00
1.88693239631706e+01,1.46559921158207e+01,-8.43517174670329e-02
1.81503917378859e+01,1.54745314079273e+01,-3.87102050225279e-01
2.03088588172737e+01,1.69132825523217e+01,-1.18071341672600e+00
2.07800151569805e+01,7.69625894511657e-01,-2.13677741491632e+00
1.64549641100970e+00,8.34233747741684e-01,-1.96615964329076e+00
2.25340808134698e+00,2.27229553278567e-01,-1.95035148666737e+00
1.40538205528998e+00,1.91080417689927e+00,-2.11370985910568e+00
2.46219298886504e+00,1.43881167195796e+00,-1.06287497929095e+00
4.42423038636930e+00,1.53296525068343e+01,-9.05395994771139e-02
6.56519700341856e+00,1.63055778145647e+01,-2.26853568848239e-01
6.39906116178161e+00,1.71527634217555e+01,-2.16963100460521e-01
9.84178280055900e+00,1.42421393779220e+01,-9.92191849853669e-01
1.08254070580419e+01,1.43867553122370e+01,-2.61825543794344e-01
9.06761734626200e+00,1.54708649583014e+01,-1.35943757894705e+00
1.03285442122524e+01,1.61963184172120e+01,-1.74264399317215e+00
1.17282846236470e+01,1.78051553045574e+01,-1.50216857338053e+00
1.07646819390803e+01,1.83824228343758e+01,-8.31699635537495e-01
1.29291873405578e+01,1.79192998665342e+01,-1.13949895941215e-02
1.41051770468948e+01,1.78987823801515e+01,-1.82283404848626e+00
1.58237131287698e+01,1.85000492481923e+01,6.55168921038889e-01
1.65828233864476e+01,1.66852072236830e+01,1.77084483633910e-01
1.75029473421449e+01,1.31487993169146e+01,-1.80509813516661e+00
1.87057144954767e+01,1.62977328650560e+01,-5.57895258796641e-01
2.05805484929595e+01,1.79965708078163e+01,-1.53591129150278e+00
2.00076875744240e+01,1.28356611626076e+00,6.52539115594427e-01
4.65872933526106e-01,2.63281470723217e+00,-7.93537144489977e-01
1.99962537671869e+01,2.36063278578834e+00,-3.09522886174688e-01
3.80570920775374e+00,1.47142038542194e+01,-9.41309631217032e-02
5.48559550208629e+00,1.58333663823169e+01,2.76265236254974e-01
4.12479914971972e+00,1.71224817927699e+01,-4.42595943165191e-01
7.20720756172607e+00,1.78472651923374e+01,5.18968266208457e-01
7.52933527298140e+00,1.66893628163369e+01,-1.03838473202115e+00
9.83614627267242e+00,1.53351707458568e+01,-1.17631615574970e+00
9.61526988038211e+00,1.66963736846042e+01,-2.34656773070301e+00
9.59027140657010e+00,3.37536121111521e-02,-3.85428575637454e-01
1.02385545690134e+01,7.33023770705909e-01,-2.83491992307251e-01
1.14978773741564e+01,3.50228373686617e-01,-1.41474590613189e-01
1.35907158770897e+01,1.79382371956726e-01,4.09910931360579e-01
1.31739358545596e+01,4.46945428239503e+00,-1.48902050824035e+00
1.49416208374550e+01,1.81268144531781e+01,-1.59556760709822e+00
1.78260045126434e+01,1.71274728766328e+01,2.81165587256498e-01
1.87803054423633e+01,1.74239743646970e+01,-1.18677732850145e+00
1.96187933162928e+01,1.65748500075616e+01,-1.00570788446216e+00
1.78159180374283e+01,8.29566243169184e-01,-9.85301431743403e-01
3.19635070933164e-01,1.43053737578090e+00,-2.16072595304870e+00
2.08895203474607e+01,3.06912066014019e+00,-2.03807594142362e+00
