2.00512405657433e+01,4.45263148439101e+00,-5.11391641302566e-01
1.94425709162884e+01,5.23147856989209e+00,5.90692946843830e-01
1.22971858865298e+00,1.83918783902965e+01,-6.81530213533792e-01
1.58201311436213e+00,4.28429075571868e+00,-7.04907858370599e-01
4.69317223949095e+00,1.55708975273453e-02,-1.85601167582906e+00
6.36000861605157e+00,1.06061872367354e+00,-1.43830631352424e+00
5.74834417707676e+00,1.94661347728592e-01,-3.66461262751434e-01
7.64785913833257e+00,1.84436726656216e+01,-1.79684763658187e+00
8.33963436964503e+00,9.25133454320146e-01,6.81634930496463e-01
1.02791399545851e+01,1.59114708219254e+00,7.60084211677452e-01
9.21212950893372e+00,3.40349710863493e+00,-4.91579700897580e-01
1.09158975130705e+01,4.29281049142122e+00,1.75933891602477e-01
1.10214020042450e+01,2.65951416882736e+00,-2.21578280352828e+00
1.76412435111455e+01,2.39765707455215e+00,-1.38938048897282e+00
1.39690754178134e+01,2.31875156229445e+00,7.13045700347797e-01
2.00246932286662e+01,1.84833636684098e+01,-5.74683179357312e-01
2.01291907087824e+01,1.75705241695519e+01,-3.97939549974304e-01
1.80337061584539e+01,1.85790161989406e+01,-8.95804111579396e-01
1.96734048305043e+01,1.73105499518616e+00,5.31036441293466e-01
1.92876058852099e+01,8.23415396905767e-01,-2.63084370634145e-01
2.14870951695115e+01,2.79399652909582e+00,-7.33201451892503e-01
2.92398394752192e+00,8.45609338492004e-01,3.21185794209921e-01
2.84693225783742e+00,1.77305351336135e+01,6.36397345684554e-01
2.42237845304160e+00,1.82961349667922e+01,-2.35470072563528e+00
3.85371841378727e+00,1.76445830277292e+01,-1.92031485424087e+00
4.28338365819438e+00,1.08748875634727e+00,3.07876420344710e-01
5.38782829800020e+00,1.17275167550476e+00,-2.07811595081987e+00
8.10553491093538e+00,1.88469283694284e+00,2.54520563276287e-01
1.06915773169031e+01,5.29013889520057e+00,4.46117560582704e-01
1.22689516223520e+01,1.85192444011973e+00,-9.29054083817438e-02
1.62823484710256e+01,2.98585930560985e+00,-1.14048928344031e+00
1.50905102070740e+01,2.42596679838688e+00,-7.39099239349045e-01
1.51077738173151e+01,5.28773641271181e+00,-9.37982806813035e-01
1.60193732712330e+01,1.98361360069430e+00,-1.51870472178811e+00
1.90490789285356e+01,1.84596925220386e+01,-7.37085806894461e-01
1.70640607483203e+01,5.40131772694133e-02,-8.97671970473409e-01
1.56769857970258e+01,1.80096019186777e+01,-3.07399846124238e-01
6.75938203140850e-02,1.69908894579414e+00,-7.34090335998882e-01
1.85155129763270e+01,4.62472539376680e+00,-1.18437489275141e+00
6.60434059472287e-01,6.32991018906563e+00,-2.25988389803258e+00
1.93460515629108e+01,4.02999804837637e+00,-1.14723666289467e+00
9.64257527578769e-01,2.96122971164131e+00,-4.63236744194313e-01
3.60751959345737e+00,1.54612309848848e-01,-2.30119094225449e+00
1.95090509671839e+00,3.25352012328886e+00,-3.63023366385401e-01
3.23151060407556e+00,2.77652684387057e+00,-8.51609629906479e-01
3.83588512984289e+00,1.84966305508298e+00,-2.20209366753841e+00
6.56416971235378e+00,3.67606505686554e+00,8.39153484095357e-02
4.85495432640750e+00,2.15473095528894e+00,-1.41138008912816e+00
6.91614310341301e+00,2.03209072727067e+00,-6.62532820219958e-01
7.65721484912974e+00,2.71244919339739e+00,8.02627975524456e-02
1.54314680644687e+01,3.16268167862946e+00,-8.60720523054006e-01
1.15584473237987e+01,3.68246121852145e+00,-2.15676248180454e+00
8.51750528330391e+00,5.20717860667753e+00,-4.00855034638730e-02
1.57695781914246e+01,4.22807683268862e+00,-1.17260408116255e+00
1.63729306135786e+01,1.01156072420112e+00,5.97026352326731e-01
1.48397992859407e+01,3.05424876447079e-01,-6.99767069617671e-01
1.81637027015908e+01,1.00408972475738e+00,-1.10394462539960e+00
1.85605835879200e+01,3.62637836302746e+00,-6.90345077069558e-01
1.84046936553331e+01,5.57766125282466e+00,5.43019494389995e-01
2.11908729564168e+01,3.83520217313776e+00,-6.92160355954743e-01
1.68863451805538e+00,5.41978262245894e+00,-2.03060845182652e+00
2.14892639130645e+01,4.69191720288829e+00,-1.42095951385636e+00
2.83168569714358e+00,1.73731483317156e+00,6.76502355371499e-01
4.33303506097656e+00,3.06478982030132e+00,-1.90040182486725e+00
5.38149015220008e+00,3.13726369880686e+00,2.30136025072312e-01
5.19333976100387e+00,4.01359228371851e+00,1.44081440331301e-01
7.96026796252894e+00,3.56087432002510e+00,1.81550702109916e-01
5.86409297935086e+00,2.22820210310851e+00,-1.13120469989125e+00
6.61761088702856e+00,3.01371255372266e+00,2.66695491235870e-01
8.81411841660191e+00,2.68105490111271e+00,-5.81365467452262e-01
9.59607624451429e+00,5.66817575173873e+00,-1.70126031932617e+00
1.02576815950280e+01,3.56984143600619e+00,-3.97848189693436e-01
8.82214505358904e+00,6.35075946727267e+00,-1.85625520008410e+00
1.68305264648330e+01,3.42215974251262e+00,-9.38101156089313e-01
1.44348445946155e+01,1.79352697270110e+00,2.69650299341099e-01
1.84045900853988e+01,2.82045687418390e+00,-5.79810897558108e-01
1.59997288761976e+01,1.79477153486421e-01,-7.47604989759554e-01
1.95136539885224e+01,2.73148155215668e+00,-2.07309701152937e+00
1.94077311565137e+01,6.22680812516794e+00,6.58673810744972e-01
1.85494110712215e+01,7.32526300859168e+00,-1.88918384839655e-01
2.03777110508754e+01,6.26153842455657e+00,-1.97857475216331e+00
7.44839077036330e-01,3.90835294688512e+00,-9.89462332042291e-01
2.13886645385384e+00,2.40857494490717e+00,1.38561532754627e-01
2.43076782729357e+00,4.98338098631281e+00,-1.77532917145438e+00
2.66927882134058e+00,3.80657399409433e+00,-9.84535160753578e-01
7.07673926447497e+00,5.16123917884211e+00,-8.58356648368946e-02
7.66059739519500e+00,6.00008827960006e+00,-5.88525523715596e-02
1.03713670551659e+01,6.23928110075093e+00,-8.62909198175159e-01
8.10300151134244e+00,6.92542424506574e+00,7.68848247863420e-01
8.93767876975553e+00,4.25517776318083e+00,-3.87159568924523e-01
1.38250657143466e+01,1.33820649180070e+01,-2.68098786426278e-01
1.20638408221528e+01,8.03684657659498e+00,4.77605904415268e-01
1.21353521088062e+01,2.96772601920498e+00,-2.21129576915285e+00
9.77958232077838e+00,4.65044015416651e+00,-6.55849439958850e-01
1.66618244839184e+01,4.59018986441783e+00,-1.80703842111868e+00
1.68556565541807e+01,2.12952310179136e+00,-1.94723810910145e+00
1.71960272549701e+01,6.19027976849501e+00,2.55379287496002e-01
1.84343621374281e+01,6.47032381888592e+00,4.49978326684496e-01
2.05551086088348e+01,5.04109081896528e+00,-9.95302394851579e-01
6.30586581651049e-01,1.00610254438462e+01,-1.73091926624012e+00
7.79693723590417e-01,5.20143738739818e+00,-1.55940874886292e+00
5.79242438089303e+00,5.03396412455710e+00,5.52018628301286e-01
3.43001781928368e+00,4.69729781166917e+00,5.12569185613467e-01
4.25203978943060e+00,5.65826067713799e+00,-1.89300098769847e+00
4.62943282641008e+00,4.78301186486290e+00,5.26881911384246e-01
6.45966803985084e+00,4.35979197192653e+00,5.47236424855644e-02
7.47614964466541e+00,7.60431134302076e+00,1.73351678604770e-01
1.16679097079679e+01,5.01501044931446e+00,-1.56942462873176e+00
9.52516589303492e+00,8.36033834243888e+00,-1.53726860886030e+00
9.55311405934435e+00,6.98808330576781e+00,-1.36086236808451e+00
1.27122651393650e+01,1.06586866127025e+01,-1.00275506596631e+00
1.37173739833139e+01,1.05625599545885e+01,-6.31640749994453e-01
1.30668960400205e+01,3.70727653404340e+00,-1.29764927002405e+00
1.33991112562352e+01,6.88531907140046e+00,7.69601732338206e-02
1.44957601465514e+01,6.30800326009512e+00,-9.31577555418193e-01
1.73131680994765e+01,1.16838471613105e+00,-1.49974014587256e+00
1.74489802377561e+01,5.57767390846105e+00,6.01047636432211e-01
1.97622327687077e+01,7.16750812266100e+00,2.78657620143837e-01
2.07436456332080e+01,7.52670804093049e+00,-1.82712883140346e+00
2.14072901703841e+01,8.26126386892548e+00,-1.13575581977898e+00
9.06879460959194e-01,1.11575059431626e+01,3.78120852178874e-01
2.23857371905668e+00,7.63944841236310e+00,-1.69950302300666e+00
1.58994205660542e+00,6.42423869569015e+00,-2.20719070066581e+00
3.83076105063391e+00,3.84287439188367e+00,4.97305783689826e-01
3.26943106158961e+00,5.61724453551162e+00,7.72180017824009e-02
7.67865145276748e+00,4.34785304875339e+00,4.95999787965674e-01
6.07159166162360e+00,6.97565960025980e+00,7.05369978807506e-01
1.11415150194261e+01,7.57023192847980e+00,-1.24374567054783e+00
1.24362155322495e+01,5.95438783675979e+00,-2.01922178582925e+00
6.60862546784218e+00,8.01689474979979e+00,2.64003889662590e-01
1.28794587225534e+01,1.26633475807962e+01,-2.01177900483123e+00
1.36904414915927e+01,1.22321076685212e+01,-1.44077486684396e+00
1.30542558056386e+01,4.98595572713454e+00,-1.27386844029658e+00
1.48001536221475e+01,4.19681544221345e+00,-1.46226064763157e+00
1.41947149828065e+01,3.22983410797533e+00,8.13037268197615e-02
1.58142619329257e+01,6.04803349420729e+00,-5.73978685419086e-02
1.76585136452230e+01,4.65310043444727e+00,-1.07816654167357e+00
1.62622742037199e+01,5.39789579451049e+00,5.57931862837855e-01
1.65511666568458e+01,6.72372235498090e+00,4.79392195960748e-01
1.89457900599068e+01,7.85416103265516e+00,-3.52459184007723e-01
1.39601990040593e+00,7.44136275133835e+00,-1.81609703401123e+00
3.59716663724983e+00,6.53114657431632e+00,-2.25314960029301e-01
3.00980692230415e+00,7.45163914788674e+00,-1.25914647796273e+00
2.49299435445293e+00,6.35079832485786e+00,-1.58740765034099e+00
5.73998870968539e+00,1.05077612131925e+01,-1.85041747948487e+00
5.37231826678638e+00,7.50258517761779e+00,2.18063776426826e-01
7.04290202274594e+00,6.79747732982202e+00,-4.07129594216895e-03
8.73811149564247e+00,7.76011722970454e+00,-1.41645852271919e+00
1.13186698723232e+01,6.32495725022992e+00,-1.10805905591731e+00
1.20696359691671e+01,1.17131510099193e+01,-2.14750963171673e+00
1.51512686200483e+01,1.31747623752980e+01,-7.34624162611655e-01
1.23291928790363e+01,4.43328244902884e+00,-1.56215995436880e+00
1.22408972716973e+01,9.67233177205105e+00,3.50851882388923e-01
1.41073881083344e+01,5.17942745259469e+00,-1.35160939566129e+00
1.34928874840119e+01,5.96968909395267e+00,4.21263516932273e-01
1.75440289885591e+01,3.70960310304070e+00,-8.23345567516295e-01
1.54792859494860e+01,6.90178914740027e+00,2.48580778813748e-01
1.52858071347881e+01,8.49534525389774e+00,-7.98119154709810e-02
1.66243414445348e+01,7.55341433510968e+00,3.93583692126220e-01
2.03495229833356e+01,8.48689449756548e+00,-3.95360520952594e-01
1.75499997054117e+01,7.09581447473874e+00,-1.16382925689557e+00
6.04308506585902e-01,7.41772994878943e+00,-1.60880351990685e+00
8.32559322461321e-01,8.62934897143721e+00,-1.19973403815471e+00
4.42341035722805e+00,8.74553262233986e+00,1.36521086603308e-01
7.31231522100341e+00,1.02365633424254e+01,-1.98794868165222e+00
5.24162392732588e+00,8.20429878746027e+00,-2.80003051168429e-02
4.72937840904374e+00,6.66772705294099e+00,1.51364079055376e-01
7.19291370993579e+00,8.99198113933970e+00,-1.99333747379671e+00
8.83636377718865e+00,9.11667833912622e+00,-1.97551849539571e+00
1.14935936631792e+01,8.75990284510029e+00,6.48443820971688e-01
1.32876089510109e+01,1.44610960307977e+01,-6.28083995843250e-01
1.27854936579021e+01,1.36900075845585e+01,6.15262791957941e-01
1.31610641036416e+01,1.14959272073297e+01,-7.50961716275500e-01
1.45306942819395e+01,1.00643513875242e+01,-1.85585313926653e+00
1.22252761579290e+01,7.09619816459865e+00,3.28768603634208e-01
1.44204635343831e+01,7.34934821568444e+00,-5.07970585102355e-02
1.76632736943242e+01,8.07025426311653e+00,-4.58328880360134e-01
1.55764496144348e+01,7.79923442659225e+00,2.58477850662792e-01
1.82278155898227e+01,8.70384283954115e+00,-6.61312932740222e-01
2.05317308405086e+01,9.96874718080577e+00,1.51277145912847e-01
2.12377195677448e+01,5.72793692485978e+00,-5.00455284998893e-01
2.12332059031690e+01,1.06565398549083e+01,-2.00326985379986e-01
2.27828105285514e+00,9.76558053117866e+00,-1.09888991239651e-01
2.65683577261212e+00,8.73154055496973e+00,-1.36370842974938e+00
6.26337632943851e+00,9.50912803280242e+00,-5.93470316053154e-03
5.30392537010055e+00,5.85473088595086e+00,-2.08573345584633e+00
5.89014869518401e+00,8.73626695661120e+00,-1.67503352349869e-01
1.03011072002312e+01,7.31719958568712e+00,-9.57993002783859e-01
9.06400294694749e+00,1.01680975456376e+01,-1.21795281014710e-01
1.16733791821347e+01,1.05873256713613e+01,-2.00534420225141e+00
1.14872955258742e+01,1.49826678826856e+01,2.12632470368401e-01
1.50849346035664e+01,1.13528701791386e+01,-1.56129256926862e+00
1.45720639612902e+01,1.24405078939298e+01,-1.09102670678590e+00
1.31880651802502e+01,7.80800903366659e+00,-1.37982358333419e-01
1.28429800352707e+01,8.73799408581649e+00,-2.84814939630376e-01
1.42411155652949e+01,8.16736626772601e+00,-2.04565532121342e-01
1.64283951593864e+01,8.55776310752232e+00,-7.60671678003263e-01
1.91249196799862e+01,9.03256848618023e+00,-4.05092179457615e-01
1.96175429104646e+01,8.12962683035889e+00,-4.47671019909747e-01
2.03138001348006e+01,9.19779099430457e+00,-2.38617901969604e-01
2.07113926266752e+00,1.16388212626337e+01,4.72265288946010e-01
2.13504657182930e+01,6.86813724653604e+00,-1.93840192740369e+00
1.28940669920467e+00,9.58347693375715e+00,-1.83712691200634e+00
5.08089168601499e+00,9.48390023239153e+00,-3.54004570571675e-01
4.17749356419956e+00,7.56349685095233e+00,-2.24522890535982e+00
8.04509925864225e+00,9.74384356766777e+00,-1.66603686680978e+00
9.56041600920274e+00,1.08783901732886e+01,6.17179167679376e-02
6.39388719926115e+00,6.00046167145363e+00,-8.80095578531324e-02
1.04314262320450e+01,1.03953370594743e+01,1.83154785075885e-01
1.10510440268122e+01,9.62661599724057e+00,5.55362332576833e-01
9.66751731414894e+00,1.40856121057726e+01,-5.53223576207819e-01
1.24646952581913e+01,1.53972493377876e+01,-5.45454929438885e-01
1.56845111462732e+01,1.20398109001551e+01,-7.88301495833118e-01
1.34023807992533e+01,9.66497714550023e+00,-1.74662120222650e-01
1.53565914343309e+01,1.03365633134787e+01,-1.60771403540433e+00
1.41466428154263e+01,8.91459521980331e+00,1.15720607505787e-01
1.80779925502714e+01,9.74366780072160e+00,-2.34537702160487e-01
1.89554412963105e+01,1.30797226415754e+01,-6.37244412060403e-01
1.93173586916358e+01,9.96666985671462e+00,-2.06215911171384e-01
2.03089861014273e+01,1.14071666452373e+01,1.22918457737031e-01
1.76984556983350e+00,8.69317105788932e+00,-1.81254838297123e+00
2.99682470027553e+00,1.03152991534793e+01,-6.17660471581588e-01
3.25748299253771e+00,1.34424540064858e+01,-2.22582831413099e-01
3.31967886108265e+00,9.24099329014617e+00,-9.47283221943860e-01
6.59857048334564e+00,1.14275772033593e+01,-2.22362708452208e+00
8.31006474541532e+00,1.09829479414328e+01,5.44247066153226e-01
7.94811172850202e+00,8.47820387011939e+00,7.80819215890641e-01
1.04264585755296e+01,8.54096387940700e+00,-1.63096802803710e+00
1.08330841843188e+01,1.12461856893030e+01,6.89306882765696e-02
1.01541013798749e+01,1.59252321779257e+01,-2.18232109386335e+00
1.56288891001926e+01,1.42389403952516e+01,5.79994407118921e-01
1.12040097150570e+01,1.58006143011547e+01,-4.79669672712979e-02
1.61126360410033e+01,1.09493695165359e+01,-7.55466890456676e-01
1.42447605742910e+01,1.12769536581889e+01,-1.26346235771986e+00
1.53077013700923e+01,9.24577235937247e+00,-1.92198917286429e-01
1.61923591600091e+01,9.78384336024695e+00,-1.69669837738173e+00
1.71198642587471e+01,9.27402033222616e+00,-1.26558053768928e+00
1.98198010755533e+01,1.33405389825370e+01,-1.27953224868315e+00
2.06942804948974e+01,1.25148378020207e+01,-2.10699716817612e+00
2.14345368994989e+01,1.16277489124236e+01,-8.79126311752956e-02
2.14215950431236e+01,9.43677278246523e+00,-1.20065037978998e+00
3.50181417814516e+00,8.18564346466379e+00,-4.06913140818716e-01
4.79800591635475e+00,1.04705291832780e+01,-2.03423008573751e+00
5.28762140847075e+00,1.14630823318833e+01,-2.10483207249991e+00
9.58532662606415e+00,1.15349686519954e+01,9.13903710891179e-02
9.90531873952088e+00,9.51973497642923e+00,3.74986217471268e-01
1.09776964908942e+01,1.21148081771559e+01,4.49531293813439e-01
1.05869499466068e+01,1.30593166501006e+01,-1.21660169772896e+00
1.60333558556278e+01,1.52551961410221e+01,3.17755869186998e-01
1.21227356432440e+01,1.42628603080383e+01,-2.30560514358622e+00
1.03603712643214e+01,1.49669715259720e+01,6.63676859903065e-01
1.21229686693696e+01,1.64918971918339e+01,-2.13911166462312e+00
1.80922333290790e+01,1.15113092345010e+01,7.33936695785035e-01
1.44430191221391e+01,1.41838205592983e+01,-6.85589374617390e-01
1.72329961685159e+01,1.05144041723908e+01,6.19582163151721e-01
1.84331432126795e+01,1.06130583359410e+01,-1.91873845775308e-01
1.96484030997995e+01,1.21939645467132e+01,-1.54940148636413e+00
2.00487616765424e+01,1.06461233264303e+01,-2.43755230176714e-02
2.74419872641568e-01,1.24465354010129e+01,3.97697445666975e-01
1.16218939915965e+00,1.20851524781003e+01,3.97876330826412e-01
3.98033132747119e+00,9.87002913841864e+00,-1.30949303718745e+00
2.94022724469432e+00,1.12639220135190e+01,5.52985013902008e-01
4.07368484882222e+00,1.10120541936833e+01,5.30455873877594e-01
6.55164732006961e+00,1.04722550665615e+01,-2.24138795205215e+00
8.22002209653832e+00,1.31817448346582e+01,-8.91557505759976e-03
7.42878605089543e+00,1.14287977193424e+01,-2.12909511051043e+00
9.58827068878386e+00,1.31431817624883e+01,-2.82704194844886e-01
1.20029318546499e+01,1.29202565953482e+01,-1.89619476590579e+00
8.88522992378068e+00,1.72500377699232e+01,-1.22823178437754e+00
1.08925914543734e+01,1.41208937217778e+01,3.21752385713760e-01
1.19760840970209e+01,1.75152696295206e+01,-4.82880824423896e-01
1.37105803633769e+01,1.52360724881811e+01,-6.88877141194709e-01
1.67411929789520e+01,1.45371614125441e+01,-2.03346992519639e+00
1.69391072549204e+01,1.15083771025956e+01,-1.87705728455167e-01
1.79307204493028e+01,1.34495563100090e+01,-2.13439432971167e+00
1.92186702623135e+01,1.12528926177154e+01,-1.25050123877490e+00
2.06215213980680e+01,1.47668169752038e+01,-3.20367058508772e-01
2.11409927388860e+01,1.77176763732068e+01,-1.10255089965140e+00
7.26794912292905e-02,1.42242675684931e+01,-9.06631501596862e-02
1.88835142135440e+01,1.40103828360450e+01,1.33587179865102e-01
3.23229954256522e+00,1.23904380275769e+01,-2.34328623877506e+00
1.79081136221733e+00,1.06345670232900e+01,3.53069246497640e-01
3.78154319148550e+00,1.43058473340284e+01,-7.25009103553298e-01
4.45063333608948e+00,1.32442728860857e+01,6.83069087168791e-01
4.70586577670175e+00,1.20882808488613e+01,-1.70420496956084e+00
6.15746316228672e+00,1.20172098231017e+01,-1.89035412434435e+00
7.08783663228314e+00,1.36412092062092e+01,-1.06937453713203e+00
1.14163821465579e+01,1.32968459644331e+01,-1.82893321041408e+00
1.00107800777587e+01,1.69682921963140e+01,-3.23083124777115e-01
1.07448523777413e+01,1.77152800595187e+01,1.15179160134843e-01
1.31499436888573e+01,1.62801750750531e+01,3.76326126454451e-01
1.41687583424044e+01,1.59322296036090e+01,-8.73616867546349e-01
1.48817309018666e+01,1.50216057588016e+01,-1.65540436652095e-01
1.41141487345597e+01,1.68388976211197e+01,-2.81653075727018e-01
1.68447693021511e+01,1.58862224631115e+01,-1.28260738571780e+00
1.84174474044350e+01,1.47355822281508e+01,-2.24994493214632e+00
1.64497665935297e-01,1.62987234906567e+01,-1.25455775152641e+00
2.06031121324165e+01,3.68570364656067e-01,-4.98474846346488e-01
2.06677587796898e+01,1.37183743620750e+01,-7.94594846700745e-01
2.99068272264216e-01,1.33121861415196e+01,3.49804570835064e-01
1.36714533632243e+00,1.30046922642565e+01,1.65940316333340e-01
2.35989941967828e+00,1.26465780194476e+01,6.74314520124663e-01
3.89966696747096e+00,1.20349918522950e+01,-2.01404594738587e+00
5.54451373410498e+00,1.39954189881847e+01,-1.71924784659186e+00
7.36313793089783e+00,1.24557452156804e+01,-4.04138428063844e-02
8.49073266132392e+00,1.19693559993317e+01,-9.88623824159193e-03
7.75323181528543e+00,1.42999429941552e+01,-1.39057680911741e+00
9.32592975935269e+00,1.62834952964587e+01,-1.54652406086390e+00
1.04031156817321e+01,1.85610435364644e+01,1.91271010879672e-01
1.15806847186134e+01,1.85081144424865e+01,5.37114037509580e-01
1.26055764006328e+01,1.85980648337973e+01,-2.18477119455808e+00
1.10642163413060e+01,1.67419433527243e+01,5.56779226879107e-01
1.68567470429311e+01,1.77678494459906e+01,-8.28228150073031e-01
1.62607628221530e+01,1.24493199485419e+01,-6.53876093579923e-01
1.68427602454189e+01,1.32962059050993e+01,-1.65846303718716e+00
1.95769237288292e+01,1.46789025752209e+01,-9.44894532882407e-01
1.77426381926009e+01,1.54178544061256e+01,-1.99909349707636e+00
1.28648681573516e+00,1.60074069176178e+01,1.59544394833916e-01
2.00459015664020e+00,1.68349058891206e+01,4.96381264996825e-01
4.47007383452671e-01,1.51119799391895e+01,1.92545265318391e-01
4.25473807235234e+00,1.53954560047920e+01,-2.13638475789512e+00
1.15978783693886e+00,1.41055420683279e+01,-1.10842821460063e+00
2.69258994520934e+00,1.44773167618371e+01,-9.96738650141482e-01
5.57452103590606e+00,1.79208095013968e+01,-1.89136830674218e-01
6.05253104478994e+00,1.71136636830671e+01,3.05238377016526e-01
5.46729272784678e+00,1.27870758129409e+01,-1.51591766061450e+00
9.85638833048551e+00,1.22988832085254e+01,8.73164169802410e-02
8.76098630130324e+00,1.26216720266540e+01,1.88081687184217e-01
8.04991374914627e+00,1.72797001725288e+01,-1.66711426902057e+00
8.58871742640044e+00,1.84390248973337e+01,-1.64177642120259e+00
1.41949134473575e+01,1.08376282529563e+00,2.05777583062566e-01
1.29368906844138e+01,1.79629647357324e+01,7.36088084768415e-01
1.44920621623991e+01,1.78323499810224e+01,6.07794044296502e-01
1.60443076482955e+01,1.35046282366520e+01,-1.99638497777581e+00
1.85525498716200e+01,1.23974489656144e+01,-5.55888878690854e-01
1.88304023239653e+01,1.57444258450957e+01,1.20112635486959e-01
1.63243380561733e+01,1.70594575507693e+01,-5.75683631920636e-01
1.98902523400789e+01,1.57148873499950e+01,-2.14702781562332e+00
1.52985107736702e+00,1.75633709326955e+01,-6.20870401670814e-02
3.03525176206339e+00,1.66578501119816e+01,-1.68817322625034e+00
2.39209357941658e+00,1.57414660244535e+01,-1.40650477852900e+00
1.71239368832480e+00,1.49328590789656e+01,-1.12639870362738e+00
2.17067746866678e+00,1.36969793128260e+01,-1.00420848924038e+00
4.76538837296703e+00,1.44306144325632e+01,-1.52918996893015e+00
6.33961041163218e+00,1.32531049016958e+01,-1.26779095238125e+00
5.32888521413544e+00,1.53003114718169e+01,-1.12288872162615e+00
6.03827233290606e+00,1.59334348944489e+01,-1.11348101878176e+00
8.75075145497606e+00,1.38493351444931e+01,-6.44862133039328e-01
9.57352411874121e+00,1.79640427807154e+01,-9.81883673210563e-01
1.04275563400843e+01,8.10757805808710e-01,5.93111369145613e-01
1.31234718635204e+01,2.52405315312634e+00,-1.86758642490790e+00
1.51505040017704e+01,1.70813388561953e+01,-2.12464866600936e+00
1.31345333802896e+01,1.72456050576603e+01,3.78238759553372e-01
1.59141551848146e+01,1.62888620411610e+01,-7.46328211017887e-01
1.75251551269197e+01,1.41981157316978e+01,-2.24058207323509e+00
1.74374684087551e+01,1.66313124852336e+01,-1.02142012281182e+00
2.09272671838246e+01,1.55857952890385e+01,-5.88795194535894e-01
1.13908773392142e-01,6.66023000593216e-01,-5.89764152184429e-01
7.28686349346970e-01,1.70339889290154e+01,-7.32009565614241e-01
2.92092345870978e-01,1.82286750644307e+01,-8.83972822802343e-01
1.86007379482412e+00,1.35081175353626e+00,-1.53634569224016e+00
1.89473303879210e+00,3.08707755158569e-01,-1.72726519671992e+00
5.00334395036972e+00,1.64010671273321e+01,5.71057594615830e-01
7.21825482657607e+00,1.72025855184631e+01,-1.21187065654048e+00
6.63747711422798e+00,1.83087251515815e+01,-1.73527465478329e+00
6.92989504672044e+00,1.50079053317946e+01,-1.28782714455415e+00
9.30029324164455e+00,1.51641250697208e+01,-1.18853305003425e+00
6.23012866168952e+00,1.46046199760366e+01,-1.24553289448768e+00
8.51866289619851e+00,1.61298767634100e+01,-1.30685477000924e+00
1.13890176638676e+01,8.65870712458577e-01,-2.19557904684787e+00
9.41669794406205e+00,5.61576263577045e-01,-1.38034598786452e+00
1.22890669339161e+01,8.60300603736605e-01,-2.03334015570582e+00
1.36057225823104e+01,3.03550768613345e-01,3.52867988869007e-01
1.53458179530328e+01,1.26819242398047e+00,-1.05144752081327e+00
1.50626084861335e+01,1.59946016415654e+01,-9.15241344055085e-01
1.74277533358106e+01,1.23632601606877e+01,-4.71507994956068e-01
1.84013746721133e+01,1.66068156203683e+01,-2.13626076022102e+00
2.07163839677114e+01,1.66366341277883e+01,-2.30877788319907e+00
2.04981419137975e+01,1.29225482396986e+00,3.50062986148949e-01
1.04115803754295e+00,2.02094219284148e+00,1.27364845302734e-01
2.05840512439361e+01,2.34485832184573e+00,-1.48764416854558e+00
3.24774261980196e+00,1.53606070621850e+01,-1.53955835830819e+00
4.76357402022714e+00,1.73532366398577e+01,3.56483058813894e-01
3.90367027474137e+00,1.64128521843772e+01,-2.10874589701123e+00
7.30284905361781e+00,9.41049974286636e-01,-1.94979067418278e+00
6.83363953788474e+00,1.62324295694004e+01,-1.29978408581942e+00
8.46330412657742e+00,1.48690977398226e+01,-9.95056625052142e-01
7.68723262194360e+00,1.58343232342894e+01,-1.64905138463801e+00
9.27041216181789e+00,1.69427652083113e+00,6.25299796793788e-01
9.96635248182100e+00,2.55143487865405e+00,-8.13155259493469e-01
1.12745206492446e+01,1.83360263395918e+00,-2.18220031580529e+00
1.32336396505854e+01,1.28127037321256e+00,-1.84692426954006e+00
1.38107210078589e+01,4.23146352976232e+00,-6.39804010988436e-01
1.39083003245804e+01,1.82156996263924e+01,-2.31057025456013e+00
1.79074112111929e+01,1.76093322281235e+01,-1.01063171283479e+00
1.89622950892803e+01,1.75758319329663e+01,-4.17758939690931e-01
1.95385871936450e+01,1.66800735924448e+01,2.36171349183989e-01
1.86440820874252e+01,1.84084123227303e+00,2.94711534133238e-01
1.01553637291776e+00,8.64906888961765e-01,-1.05438623683847e+00
2.03561919554385e+01,3.45818593869001e+00,-7.81075555372156e-01
