2.13543366763292e+01,6.11709474298397e+00,-9.46628491389194e-01
1.71822891226471e+01,5.12732075026087e+00,-4.83742516694569e-01
1.94969478826758e+00,3.16038721957305e+00,-5.53292495977734e-01
2.29777913125214e+00,5.15702465579603e+00,-2.25342370785041e+00
3.31527052439910e+00,1.32015624153872e+00,-1.14031151260537e+00
6.36347250423056e+00,7.94341263371332e-01,-6.63166034309043e-01
6.80086983223793e+00,1.66571243897768e+01,-2.15305969663150e+00
7.23716697058567e+00,1.53362758322861e+01,-1.24033309720573e+00
7.97801165236729e+00,1.74770456026024e+01,5.75913420991094e-01
1.07368542803332e+01,1.72086564696062e+01,-2.26615779312548e+00
7.42093316889171e+00,4.46083719527541e-01,-9.66849477292770e-01
9.32360319728318e+00,1.95288198410619e+00,-1.44431929491425e+00
9.88776495175648e+00,1.84870464509056e+01,-1.94625606710027e+00
1.50673985313243e+01,5.16664995017297e+00,6.66644104088796e-01
1.28747998394304e+01,4.55812549130018e+00,-2.05376431014741e+00
1.88877395050590e+01,2.92303190739993e+00,-7.69700796125004e-01
2.09589130681366e+01,9.47806038938643e-01,5.88548356251722e-01
1.85834196322823e+01,1.35526399691398e+00,-9.20256891336977e-01
2.12583520570319e-01,3.86200045936326e+00,7.30878251200640e-01
2.05251117158922e+01,3.60819157097206e+00,-2.90264345559719e-01
2.20830640581511e+00,4.05761322623806e+00,-1.05849999172621e+00
4.31071377409248e+00,1.19095584852360e+00,-1.16714517858829e+00
9.37755647667986e-01,1.84962147902868e+01,5.92436353115140e-01
1.30457604200971e+00,1.12466935361404e+00,-1.39257630271558e+00
3.27119237536188e+00,1.81566185745406e+01,-2.38316175684097e-01
4.66428353674893e+00,2.42546845538869e+00,-1.45780788767467e+00
4.15315961302450e+00,2.48828607726241e-01,-2.85881257621405e-01
8.54930232099068e+00,1.66712462040210e+01,1.79564279423045e-01
1.00375253910561e+01,2.52970611023621e+00,-1.33906744303326e+00
1.18624463706549e+01,2.78065801855321e+00,-1.12536780984911e+00
1.39298162562377e+01,4.86849486347456e+00,-5.77503613625539e-01
1.30008419256905e+01,5.64271331346887e+00,-3.58305887007082e-01
1.42297331561757e+01,6.66345835124006e+00,-1.43092129554347e-02
1.74387720470290e+01,1.94999570437765e+00,-3.14881967732252e-01
1.92611109525044e+01,3.65704365264707e+00,-3.40811067315307e-01
1.52952746793730e+01,2.27699889934390e+00,6.19051040014498e-01
1.33350306197162e+01,2.48876238939910e+00,-1.30292810706355e+00
2.12884093288470e+01,2.77434209149985e+00,6.39088621566941e-01
1.60397350579073e+01,4.87278744474028e+00,4.01154926655601e-01
3.86645755259107e-02,7.20785931212816e+00,-1.28446492022107e+00
1.95787270318356e+01,4.48363425076911e+00,-4.71598774998693e-01
4.86145178783994e+00,4.71058676254489e+00,-1.11759623485980e+00
2.25400485864821e+00,1.40958604188048e+00,-1.83579687547451e+00
3.26669638769385e+00,5.67672403959488e+00,-1.80751408950934e+00
4.51549925806699e+00,3.75427325190751e+00,-1.47716163608732e+00
5.26979344086446e+00,3.40575120714327e+00,-1.61433674480829e+00
7.93639849834052e+00,3.65401217946888e+00,-1.97219421203917e+00
5.42408998133988e+00,1.49670532899497e+00,9.57148356245323e-02
8.44662188173552e+00,7.13753144877800e-02,-1.67506849498224e+00
7.37647667628824e+00,1.78711787190781e+01,7.42740839022495e-01
1.19990379169845e+01,6.23055501246414e+00,-1.92699654606848e+00
1.01269655981116e+01,3.85829727461417e+00,-1.68866944956076e+00
8.59758326875357e+00,2.88817792253891e+00,-1.49594531002928e+00
1.30209268339283e+01,6.60562709138031e+00,-5.67415077713939e-01
1.39500509017792e+01,3.28940174742660e+00,1.41731146841604e-01
1.34835575707319e+01,7.50694822629039e-01,-1.33437332046853e+00
1.78552188478380e+01,3.59609455442215e+00,-1.91049992753828e-02
1.59465847662908e+01,4.01061188474558e+00,4.97054829519545e-01
1.80157913463913e+01,7.33787091056334e+00,-5.67383068240595e-01
1.61665477283791e+00,5.56628055585148e+00,-2.20861360554244e+00
3.70944396685572e+00,6.82485037339469e+00,-2.01691392685375e+00
2.07727926935808e+01,5.43646910243815e+00,-3.43979351715819e-01
3.88901460883714e+00,3.53026881798218e+00,-1.15562438979398e+00
6.76287978602833e+00,1.66297912185943e+00,-5.60883259996960e-01
6.92190490089146e+00,2.89618924140832e+00,-2.20017393642049e+00
5.45348118166328e+00,5.47387714353564e+00,-1.27867661955256e-01
7.70882051176990e+00,2.33868033845893e+00,-1.74223852072056e+00
6.63175602886425e+00,1.82850184404096e+01,-1.92206460272416e+00
7.87374254384302e+00,1.19161032235565e+00,-8.57126016234782e-01
9.02869139361751e+00,1.77279717896066e+01,-1.82352197805560e+00
1.00606637627775e+01,1.24164583374658e+00,-1.97109217321404e+00
9.25832431930573e+00,4.91738119882646e-01,-1.63142221242042e+00
9.61374833276979e+00,6.42102712841696e+00,-7.60248760815305e-01
1.51729167300883e+01,3.16755406447998e+00,3.88945206305381e-01
1.27162264025812e+01,3.30913072983639e+00,-1.67453512395247e+00
1.82724255864551e+01,4.37210215916817e+00,-1.83364868991880e-01
1.48348718505589e+01,4.12805359709957e+00,3.52008170513264e-01
2.07150790576741e+01,4.57948974003729e+00,-3.88448896420568e-01
1.74739427171352e+01,5.89974783590793e+00,-3.92370860377095e-01
1.67027441281201e+01,8.03979959618977e+00,-4.55596985479663e-01
1.84891564252568e+01,5.14969516249456e+00,-1.19083249196762e-01
3.04508791301843e+00,4.46643602259878e+00,-1.36910860602432e+00
3.93406701185797e+00,4.78652440599585e+00,-1.41186608908556e+00
4.57346267959480e+00,6.97361090058825e+00,-1.27862979469991e+00
5.81473518598839e+00,2.42408906325719e+00,-1.61973358931542e-02
9.08335717763733e+00,5.83900706223869e+00,-7.72470700063205e-01
8.05400483592397e+00,6.08778922969148e+00,-6.89293061674311e-01
1.06833817496068e+01,6.34760393712977e+00,-6.99168875271627e-01
6.89796929039555e+00,6.71248206862791e+00,-1.64673558168019e+00
8.61014400782765e+00,1.50879183326164e+00,-1.28038302023837e+00
1.27457337041544e+01,1.31674536124015e+01,-2.23184421682495e+00
1.14332760216771e+01,8.36977004653422e+00,-1.61342489448584e+00
1.08842776362782e+01,3.24834815959254e+00,7.33475278985801e-01
9.38422001361062e+00,3.39590081549923e+00,-1.64479795503952e+00
1.63948041929652e+01,3.29335747072390e+00,6.60009153561587e-01
1.76572533002026e+01,9.47742957903939e-01,-1.91620215009370e+00
1.64760328451165e+01,6.59339722485472e+00,-4.05991318943158e-02
1.76320135546719e+01,6.69534782836903e+00,-5.24217501108881e-01
1.70175628871821e+01,4.29975190770794e+00,-5.00251597264334e-01
1.94372976436139e+01,1.19021471897127e+01,-9.07874251051834e-01
7.96063075508504e-01,6.14621039559773e+00,-1.05823281024100e+00
6.24930485291922e+00,6.43723043728301e+00,-1.85144064235919e+00
5.82177501104955e+00,4.37888339359944e+00,-1.50609253334593e+00
1.85557566674006e+00,7.65486134222888e+00,-3.47454906091882e-02
7.36069339860769e+00,3.99514512706416e+00,7.06118561325837e-01
6.92939379012510e+00,4.50872993196897e+00,4.95762366700539e-01
5.23659095683366e+00,9.51324215990454e+00,7.78164833392218e-01
1.09437862893686e+01,2.11415590904995e+00,-2.13829831349900e+00
8.61515134688054e+00,6.96985762788897e+00,-2.34815587026312e+00
6.45610189220437e+00,5.35134949743016e+00,-1.88887587476883e+00
9.30372739938904e+00,9.25307784311327e+00,-1.93517470036230e+00
1.31056078679472e+01,1.24121457096850e+01,-2.34293052112333e+00
1.02531806584184e+01,5.27658927368601e+00,-1.25021308366868e+00
1.06869781329058e+01,8.72371769485410e+00,-1.74118225895346e+00
1.45226377188317e+01,9.36284091793804e+00,-1.08072642027055e+00
1.70896857787277e+01,2.86088709444888e+00,-2.09952521819126e+00
1.61967352947629e+01,5.76595302294895e+00,2.30161065814315e-01
1.86352578583903e+01,8.03289914506082e+00,-4.10823782618786e-01
1.92607074679792e+01,6.89345192516696e+00,-1.16691552516305e+00
1.91525902947809e+01,8.96392113278687e+00,-1.73869311926596e+00
2.12454446756106e+01,1.21455079725979e+01,-2.88247092938678e-01
1.80212675432750e+00,6.70258663073212e+00,6.42566894520778e-01
2.65046503892691e+00,6.35280755460788e+00,-2.27891884253532e+00
8.23869762936265e+00,4.96309845132076e+00,5.91712996040207e-01
2.39283244441140e+00,9.18473056186387e+00,-1.87421973131493e+00
8.75073961831493e+00,4.14912402178505e+00,-1.75872116587449e+00
5.33421062960362e+00,6.47428452099007e+00,-1.94564103618109e+00
9.60405839912750e+00,7.35759133422774e+00,-6.98002812703854e-01
1.19401558925067e+01,9.69467279057957e+00,-1.88702002692032e+00
4.32153343467147e+00,8.84532666839030e+00,-2.61673480172864e-01
1.41616405005158e+01,1.47522686372975e+01,-8.07007306789364e-01
1.40564527945819e+01,1.16683946633346e+01,7.22680105774900e-01
1.29738383184748e+01,9.43293589706349e+00,-1.06021518430164e+00
1.42343511478183e+01,7.60632826000435e+00,-8.27884144360410e-01
1.20841057185360e+01,5.07967793111905e+00,-2.33734965730002e+00
1.54000922618701e+01,7.19224589047952e+00,2.06326992471181e-01
1.66670381051607e+01,7.41753072475892e+00,-2.12902699716716e-01
1.40996928701986e+01,5.78851057501785e+00,-4.22473659789317e-01
1.55236905827210e+01,8.32619961388210e+00,-9.39491881408052e-01
1.66014965445744e+01,1.18579031887386e+01,-7.30908675668539e-01
4.70572211500637e-01,9.09664453599310e+00,2.31067645706496e-01
2.97150627577242e+00,1.02221903622528e+01,-1.30240459437278e+00
2.99958569364544e+00,7.35566964105295e+00,3.50444544678924e-01
6.50825979633702e-01,8.06117676142824e+00,-2.43900051897309e-01
6.02277699518721e+00,1.14595071068591e+01,-2.51450776086019e-01
2.75634202667922e+00,8.19689621852408e+00,-2.03910904789786e-01
5.80914528714754e+00,7.36268053654080e+00,-1.09933413074954e+00
4.92378574832510e+00,7.73624754667241e+00,-1.00978161371814e+00
1.13883733368043e+01,7.04493691649202e+00,-1.84896102106733e+00
1.06136352843327e+01,1.09966420177226e+01,-1.17239414831954e+00
1.43469763036265e+01,1.56503226355978e+01,-2.65790110634805e-01
1.22708580874363e+01,7.56198701032192e+00,-1.91506222219220e+00
1.02596200691571e+01,9.73475552234095e+00,-1.79583458817708e+00
1.33147042696210e+01,7.38086409158100e+00,-5.73532538276306e-01
1.39074281330218e+01,8.86578094926742e+00,-1.29811178015428e+00
1.52502602369913e+01,6.15156307402700e+00,5.89974721640126e-01
1.47327383248267e+01,8.18175759920625e+00,-1.01951855081855e+00
1.51928888886116e+01,9.69796679073276e+00,-1.33198469274150e+00
1.59956124979272e+01,1.02202022718386e+01,-1.11805842270989e+00
1.73451959118114e+01,8.39675708097587e+00,-6.71321280459544e-01
1.69691859317337e+01,1.06553269260560e+01,-1.14765341334313e+00
2.02512332697897e+01,6.47293919599484e+00,-1.05447042342210e+00
2.10527879198946e+01,8.35102943946329e+00,-1.62867080167803e+00
1.55110048238199e+00,8.49756603365780e+00,-3.79540548593676e-01
4.66624104994001e+00,1.18079437077003e+01,-3.34626545187246e-01
2.43747573895861e+00,1.14549367640759e+01,-1.20773808627390e+00
3.90335642397404e+00,7.97720301322290e+00,-9.30905783060329e-01
4.00564052510730e+00,9.70995031217764e+00,-5.41558991818011e-01
7.26032469271024e+00,5.61924158433644e+00,-1.27873767151388e+00
8.60924993745958e+00,7.98700291477376e+00,5.88229706208008e-01
1.16019751080978e+01,1.45008180184315e+01,-1.71693135809111e+00
1.10254811641397e+01,1.28346601535065e+01,-4.80157258595197e-01
1.11574153895121e+01,9.84204285406621e+00,-1.52788176930248e+00
1.41317724462171e+01,1.26873659183323e+01,-2.98157271863738e-01
1.22702016295511e+01,8.67900433575802e+00,-1.18907003274829e+00
1.61282749802350e+01,9.01047032197109e+00,-7.96610198252462e-01
1.78699804104744e+01,1.00419258655789e+01,-2.20127029616395e+00
1.50722228769716e+01,1.10195438945811e+01,-1.12051801611893e+00
1.80033240510039e+01,8.99270327597330e+00,-3.37967479474387e-01
1.98281458298913e+01,9.92172007205310e+00,-2.21764299100832e+00
2.06861153109432e+01,7.34073244952327e+00,-1.19461241341966e+00
2.00160392370378e+01,1.25733110581226e+01,-3.43235276436636e-01
2.07795544014564e+01,9.46769478257765e+00,-5.63809792001776e-01
9.21339205199773e-01,7.15119705233574e+00,-2.05316522046404e+00
7.19054120632744e+00,1.16155674241276e+01,-2.34350940669152e+00
4.35256122447427e+00,5.85002873996401e+00,-5.90093400515789e-01
3.24062516047596e+00,9.08133361222768e+00,-1.63503002130660e+00
9.47952572604934e+00,4.75204810109156e+00,-9.69703300401065e-01
6.50366814683345e+00,7.89818640928764e+00,-1.52024056598198e+00
7.27661246179964e+00,9.01633618581924e+00,4.13730616277280e-01
1.22851902623354e+01,1.63592323690529e+01,-1.64613222471057e-01
1.50679667759051e+01,1.38539418434647e+01,-5.67397226417173e-01
1.24904417135156e+01,1.43107812186015e+01,-1.78352114888563e+00
1.36871509132450e+01,1.03316530183945e+01,-1.53702053110294e+00
1.26177957959030e+01,1.06108550442684e+01,-1.02246833910635e+00
1.60017873365923e+01,1.12812374801834e+01,-7.87491690615040e-01
1.49316052177610e+01,1.30760293143248e+01,-5.49075315198726e-01
1.88217510396129e+01,9.94805748590688e+00,-2.30075163550250e+00
1.69221909142776e+01,9.48061024431589e+00,-9.82259978637899e-01
2.01202116884387e+01,8.68412841701243e+00,-1.18782730348961e+00
1.31238440046022e+00,1.34409721490469e+01,-1.82115360947383e+00
1.86186614756185e+01,6.13549772956047e+00,-1.43695126950476e+00
1.97976692031313e+01,1.09325896704338e+01,6.83065406738362e-01
3.34382073219257e+00,1.18780755993337e+01,-3.42481409922061e-01
3.49924312746330e+00,1.08195679348527e+01,-7.58038694511991e-01
4.59162302733649e+00,1.02604992435203e+01,-6.14015229639867e-01
6.39124275945687e+00,9.84861199764413e+00,-6.05673691804675e-01
6.25712818626458e+00,3.50859013861825e+00,-2.32732748935325e+00
6.14731384579086e+00,8.95248855922027e+00,-5.12681609523686e-01
7.59669506830643e+00,6.91757731781725e+00,-2.02352998892350e+00
9.27907366391714e+00,1.34223854514779e+01,-2.32906450474488e+00
1.36506585629717e+01,1.64251061837768e+01,3.21435041108977e-01
1.61351618680752e+01,1.38728505781567e+01,-4.37545786530735e-02
9.76911519250643e+00,8.42320415385577e+00,-2.11082849143261e+00
1.33197343423904e+01,1.43051848662868e+01,-1.73716774590522e+00
1.44257918402962e+01,1.05781950097051e+01,-1.23341080547004e+00
1.78317283314151e+01,1.11819054873861e+01,-6.06160790552661e-01
1.82027234679521e+01,1.58623446375327e+01,-1.18864863873834e+00
1.88341334040318e+01,1.09223837316027e+01,-2.27428027512655e+00
1.89054858992889e+01,1.29536857350016e+01,-1.88543160332136e+00
1.54559899657039e+00,9.43020222722368e+00,5.65576151133366e-01
2.08041262769966e+01,1.06211071830165e+01,-2.17918887670536e+00
2.07608321846688e+00,1.43852240905492e+01,1.57350055941589e-01
1.05385754789304e+00,1.01817593172605e+01,-2.00105133387349e+00
6.44005889243843e+00,1.34453195571714e+01,-1.87374179691052e-01
5.46823652333098e+00,1.07262884533202e+01,-8.09127716612264e-01
5.37885965472981e+00,8.45080926310987e+00,-6.96428664454390e-01
1.05783167724136e+01,7.54309290514775e+00,-1.28866350161261e+00
6.76208854755084e+00,1.06483538864148e+01,-1.17002081296088e-01
6.67140503063782e+00,1.44139157898709e+01,-1.14089296385189e+00
1.31459008434765e+01,1.54701954895060e+01,-1.56912612815619e+00
1.11193337390383e+01,1.65801499892872e+01,5.27060501253352e-01
1.75960553042052e+01,1.38452965818657e+01,-2.00235089945947e+00
1.38677120210165e+01,1.35687951584132e+01,7.33521854057250e-01
1.52375447157718e+01,1.21130960298303e+01,-5.99005547207634e-02
1.59171527736144e+01,1.28547593458544e+01,-1.25288525199791e+00
1.68084579516235e+01,1.30519931557961e+01,-1.60608929614225e+00
1.99683018825853e+01,1.35129146458849e+01,-1.29650138280510e-01
2.06873369434868e+01,1.44362469838654e+01,-2.10277332786631e+00
2.11536538371656e+01,1.28906039607898e+01,-7.42830382342672e-02
1.97501005882404e+01,7.78651853891104e+00,-1.03777318787954e+00
2.15654550935925e+00,1.03369281377943e+01,-1.48721967315944e+00
3.71158612193284e+00,1.27462250281133e+01,-1.13308604392570e+00
4.71749572976582e+00,1.25857320093646e+01,-5.55253957048760e-02
8.54948328410759e+00,9.77639507132154e+00,6.67693096866469e-01
7.46326183040711e+00,7.97280319446086e+00,-2.18339971282749e+00
8.32404679749080e+00,8.80236040345767e+00,4.67069990631734e-01
1.08351451486014e+01,1.20202416639740e+01,-5.65258608580453e-01
1.71057255630803e+01,1.54350928043221e+01,-1.84590131822596e+00
1.06541365715310e+01,1.37211153230685e+01,1.03494935866725e-01
8.91349362368941e+00,1.44840322244792e+01,6.96785005234665e-01
1.11473987598039e+01,1.56816163321523e+01,-1.46924083779840e-01
1.89487894285868e+01,1.39764682000657e+01,-2.26174289877326e+00
1.30648789545950e+01,1.13604211472146e+01,-4.79589080962157e-01
1.79311848448729e+01,1.30347192301002e+01,7.76285354915597e-01
1.74105592553392e+01,1.21392003055515e+01,-5.53948954881639e-01
2.07135526041147e+01,1.56169208108840e+01,-1.59225993079360e+00
1.84458080862616e+01,1.19961825271762e+01,-9.73120743174472e-01
5.00375268899073e-01,1.35408606081070e+01,-1.54757112809420e+00
7.59597409402540e-01,1.23258746885937e+01,-1.29612374419512e+00
1.43452757345674e+00,1.12181401801153e+01,-9.23365397979560e-01
3.12939412109786e-01,1.11687316065427e+01,-7.23710316313864e-01
1.25153987914522e-01,1.00729379711604e+01,-1.58778409437823e+00
4.30493988711966e+00,1.11856216001684e+01,-5.14427071819119e-01
8.71340192727901e+00,1.08760720557460e+01,-2.21185495881144e+00
6.61952333109907e+00,1.23789892071537e+01,-1.62110170894290e+00
9.94755337909328e+00,1.28316668417392e+01,-2.22801636673139e+00
1.20361106518455e+01,1.19969964227547e+01,-1.11140615988315e+00
8.47329429105090e+00,1.51930957274713e+01,5.11594869752974e-01
1.07674915203792e+01,1.47859513749904e+01,-1.44191883364104e+00
1.42429240025098e+01,1.72987055951486e+01,-2.50446397051348e-01
1.18169496240212e+01,1.32955874869815e+01,-1.35280624700064e+00
1.60122992120066e+01,1.81840374465061e+01,-1.58198060540410e+00
1.82970006658838e+01,1.43805500617739e+01,-1.76618292003947e+00
1.77980384488770e+01,1.52205116244623e+01,-1.34771748796854e+00
1.96576590197070e+01,1.56576167336387e+01,-6.26903750399937e-01
2.04118601521914e+01,1.70565415811256e+01,-1.04764253179224e+00
1.81283833292688e+01,2.54727641121695e+00,-8.70771358214510e-01
1.93355996346170e+01,1.77517860200822e+01,-7.55141366151587e-01
1.99669915704601e+01,1.65100964439501e+01,-1.14200636571216e+00
1.03774951596544e+00,1.45375416926463e+01,-1.57650571209357e+00
2.06013509646343e+01,1.16580198470715e+01,-5.63335983745805e-01
1.97914720546611e+00,1.64188929775604e+01,6.73164861453448e-01
2.24597080864216e+00,1.35093886687940e+01,7.72486804448430e-01
1.72079639578541e+00,1.23886962635030e+01,-1.76029259707221e+00
5.73692128715269e+00,1.24207783800652e+01,-2.21894205720498e+00
5.78466132147473e+00,1.45460290792629e+01,-1.58294566828668e+00
1.16370282730867e+01,1.09718449644528e+01,-1.19391138960288e+00
9.81932003903625e+00,1.53425620863471e+01,1.25272124504678e-01
1.28883103964786e+01,1.79233088084902e+01,-3.71942391892726e-01
1.55764567309050e+01,1.67810836402066e+01,-7.65223512245089e-01
1.48497950039737e+01,1.64054798769398e+01,-4.85396528174612e-01
1.21973830010796e+01,1.53781414935596e+01,-1.52639882501513e+00
1.52593084316399e+01,1.47602928663914e+01,-7.27392353765484e-01
1.61212484074880e+01,7.88805882991194e-01,-1.39678431411867e+00
1.77040150336632e+01,1.72327395489905e+01,-1.02330795238363e+00
5.52311926703463e-01,8.26437802694171e-01,-1.06872134333723e+00
1.93083851663892e+01,1.97157787040844e+00,-3.19338532876058e-01
2.14291759676246e+01,1.62533677595325e+01,-9.07914351230111e-01
1.91834417561089e+01,1.67873254455215e+01,-1.17650290865576e+00
9.35705255669663e-01,1.66722526895117e+01,4.89163544047743e-02
2.11445717258627e+01,1.37571688735044e+01,7.83899339274687e-01
2.70089482329811e+00,1.27673491316246e+01,-2.17043470788792e+00
5.40778275299524e+00,1.33744478095215e+01,-1.75819679606791e+00
7.95115846349443e+00,1.11223752019369e+01,-2.13935098242838e+00
7.61902508464000e+00,1.00255769712157e+01,5.25675681636048e-01
8.91523218293322e+00,1.21208792395241e+01,-2.01968979609514e+00
8.29898837674988e+00,1.34762177065105e+01,-2.12757302368410e+00
1.15425948493354e+01,6.16270523074828e-01,4.84199269125872e-01
1.06443737980401e+01,1.83148458832348e+01,-2.03234950195625e+00
1.25258937001915e+01,1.04870522605676e+00,-1.60635544263230e-01
1.26858162199342e+01,1.42586369721234e-01,-2.63124784608273e-01
1.42944720451835e+01,2.44966487124536e+00,7.74571077749468e-02
1.71138293778279e+01,1.43520117902583e+01,-2.22413687059412e+00
1.72675560905822e+01,1.65898963784214e+01,-1.16540096203817e+00
1.98969463040357e+01,1.46268554859173e+01,-2.23357717373137e+00
1.68261528352914e+01,1.08158047647326e+00,-1.58615094658962e+00
2.13220043810923e+01,1.80935112979002e+01,-2.84284255009097e-01
2.03176053233788e+00,2.55540486560635e-01,-5.15566234897361e-01
2.13110534564491e+01,2.28465211726613e-01,-1.17657090732843e-02
3.60667717165503e+00,1.55471686650989e+01,-7.35380395635735e-01
9.20797172238654e-01,1.75162588900558e+01,-1.22078789664211e-01
3.17748533380274e+00,1.71602730491820e+01,4.40075489864966e-01
2.91478635480292e+00,5.07817520256135e-01,-6.59560305071111e-01
6.20205824132641e+00,1.70632303948140e+01,-2.33697666254859e+00
3.27856195598939e+00,1.38490371177824e+01,-5.39331847955859e-01
9.59846655040275e+00,1.05479173106751e+01,-2.07463790114910e+00
9.74511104453475e+00,1.17157094569760e+01,7.47629545766123e-01
7.61501523057661e+00,1.41033681412222e+01,-2.32672695611144e+00
8.31363748832973e+00,1.58316689409601e+01,1.59193020227507e-01
1.18549202010702e+01,3.95053282634764e+00,6.27251155811946e-01
1.38767045556069e+01,1.82810049329449e+01,-3.16245871591253e-01
1.51395815127055e+01,1.78692094128370e+01,-6.97093592081411e-01
1.63592218097183e+01,1.48102518922884e+01,-7.54042839539730e-01
1.86621423914621e+01,1.64812693429997e+01,-1.04482623285653e+00
1.68128627845339e+01,1.81839299748321e+01,-1.28459068817147e+00
1.52666291300159e+01,1.34120422336863e+00,4.30370155600530e-01
1.83219561308412e+01,1.77277716917261e+01,-7.91546452479251e-01
1.58553644885344e+00,2.22521282035848e+00,2.63122135750380e-01
4.38624404746029e+00,1.73593848398642e+01,-3.91478404546635e-01
9.00435901926067e-01,1.56797081522624e+01,2.69834216381448e-01
2.19546559474473e+00,1.73203804867682e+01,5.09420389255297e-01
1.05896134811443e-01,1.49178126889707e+01,-1.47547027899466e+00
1.92933402727563e+00,1.53453616155198e+01,5.96689581635974e-01
4.10817804634092e+00,1.45274439380624e+01,-8.02826955357605e-01
5.02302471587932e+00,1.65225986276536e+01,6.94431710206415e-01
2.81383206157944e+00,1.61059001827477e+01,-2.02620741732273e+00
8.19553434373523e+00,1.23582725140291e+01,-2.19151723654270e+00
1.29886810442465e+01,1.70700240921536e+01,-5.67095925597270e-03
1.18892147640697e+01,1.74136575510683e+01,-2.34003922753887e+00
1.13163320355345e+01,5.44515366845973e+00,4.59657572408625e-01
1.40577273991594e+01,1.56462716149131e+00,-9.56353286376936e-02
1.56011313066077e+01,1.56742133649539e+01,3.37203416691217e-01
1.53573590437055e+01,2.74726346551854e-01,-1.62657290809655e+00
1.63444960826861e+01,1.71808692848656e+01,-8.14736707050523e-01
1.63012435597400e+01,2.09227491121469e+00,-1.86592026779249e+00
2.02272907184494e+01,1.84140763273596e+01,-1.62606330997768e+00
8.85321068250532e-01,2.98322462963812e+00,-1.87351944451043e+00
2.06038898217455e+01,1.84249503312394e+00,3.49298061174886e-01
3.79143641628876e-01,1.85728115166821e+00,3.67684167812970e-01
3.83306812237806e+00,2.30542610854606e+00,-1.54758825621708e+00
5.23869175662753e+00,6.06956958315655e-01,2.65966153963571e-01
4.42523970849409e+00,1.34871849236262e+01,6.96789186742555e-01
5.61508241708606e+00,1.58330472055632e+01,-2.22152957487427e+00
5.58624376973902e+00,1.75733551587658e+01,6.47128607788842e-01
6.38099394349220e+00,1.54939687002041e+01,-1.60314318855123e+00
9.93589863771645e+00,1.44051289858280e+01,-1.38029229165321e+00
5.07957022103688e+00,1.44941776280629e+01,-1.68258439356751e+00
7.39382854596053e+00,1.28753039617890e+01,-1.47734190723709e+00
1.07573872437941e+01,9.03395589386764e-01,-2.06169456055128e+00
9.83902460538448e+00,1.60340713270673e+01,3.66774228720539e-01
1.17663631391066e+01,1.65930399988677e+00,6.50814006653244e-01
1.44779789900640e+01,4.44539577112877e-01,-1.39250002519750e+00
1.35907714254745e+01,3.97892206806024e+00,3.16300869003380e-01
1.64507592933033e+01,1.59984361757015e+01,-1.55862840139737e+00
1.89686730395454e+01,1.51959373443648e+01,-1.39015186662550e+00
1.91974529474606e+01,2.66524636716264e-01,-1.18519532140825e+00
2.12040653071273e+01,1.73486596218641e+01,-5.43228378926897e-01
2.00411290680032e+01,2.73639370857084e+00,-1.77740889665321e-01
3.05554244510460e+00,3.26764120042681e+00,-7.51850352551233e-01
1.30376105432952e+00,4.27708018698896e+00,-1.82390726960560e+00
1.97743478742355e+00,1.80350782565929e+01,1.58478026049156e-01
5.65045083798601e+00,1.85475305132000e+01,2.66242462076186e-01
3.92887553997620e+00,1.64600637003255e+01,-4.39707986738628e-01
7.49464058846392e+00,1.64502323163646e+01,-1.80852704989807e+00
4.64699096319818e+00,1.81177271507454e+01,-1.57653884430812e-01
4.55742444507126e+00,1.54868991341624e+01,-1.24850075293586e+00
2.94634653699267e+00,1.49623696729296e+01,-7.30009180856307e-01
9.72570637406911e+00,1.72569435882529e+01,6.62301051275397e-01
9.50615201396681e+00,1.64329356354573e+01,4.07161489017737e-01
1.16777470015850e+01,1.83013578979698e+01,3.41981016674195e-01
1.09763495738934e+01,4.42715629115513e+00,-2.12967943108580e+00
1.32340592674764e+01,8.29046116047964e+00,-4.10940246243959e-01
1.28148890851216e+01,1.94114545072283e+00,-8.79659000456019e-01
1.83195335154120e+01,1.48947251478281e-01,-1.23600590500744e+00
1.98319792484901e+01,9.75694302448979e-01,-4.70230781461710e-01
1.73921890577291e+01,1.85364726989696e+01,-1.14035570042003e+00
1.96536074492685e+01,5.53995627375704e+00,-1.09082696568982e+00
2.80109993394549e+00,2.35784848036470e+00,-2.37080023304626e-01
4.53248480259815e-01,5.02633998919912e+00,3.22792639650770e-01
