4.00471409483308e-01,4.66974716505223e+00,3.93347915137895e-01
1.98363405591531e+01,5.65465048689616e+00,-1.50742444343682e+00
2.33902285175457e+00,2.18737916055365e+00,-2.02757062600504e+00
2.74520447215210e+00,6.30815309223780e+00,-4.14880837159041e-01
4.90983084598724e+00,7.54400220036277e-01,-1.30716880839819e+00
6.93457625918780e+00,7.19087832864163e-01,1.88576893267874e-01
6.73554067794351e+00,1.84618436888000e+01,-7.40254727285565e-01
7.63648357402662e+00,1.66234719377704e+01,-1.90425187411659e+00
9.13844737531543e+00,1.82142225057167e+01,-5.08432012712706e-01
1.01601274911306e+01,1.08908338257436e+00,-1.92178384832938e+00
8.86978480971240e+00,2.11039680957772e+00,-4.19734586782460e-01
1.08035147371537e+01,3.79743327843355e+00,-2.15790138703816e+00
1.10846608415324e+01,2.95711460039732e+00,5.11037540923510e-01
1.89975372770412e+01,2.93910027673220e+00,-1.35226252232820e+00
1.47161861033085e+01,2.15098558218581e+00,-2.25103439048588e+00
2.13261863146989e+01,3.99888784240053e-01,-2.28223114318331e+00
2.10102083524372e+01,1.78699626207790e+01,6.62645077028952e-01
1.91675307174309e+01,6.00330804722546e-01,-5.08705095656189e-01
2.14023835784509e+01,2.70877723285070e+00,-1.92353581219087e+00
4.05456671380841e-02,1.52657803142861e+00,-2.19463347965813e+00
1.55999128649948e+00,4.09165603659354e+00,-6.25878880286266e-01
4.00251136671980e+00,2.49330991814026e+00,-1.89421354809367e+00
4.25709592486683e+00,1.77994710964868e+01,-2.39475228430774e-01
3.26400120164329e+00,1.85377569375105e+01,-9.44837297625214e-01
4.72069706749296e+00,1.70176518394478e+01,1.71907899655325e-02
4.89088289120473e+00,1.97154981021654e+00,-2.28442080819568e+00
5.88273850847342e+00,5.74521071120884e-01,-1.96323514761513e+00
8.24793298464141e+00,6.67377429939741e-01,-6.10075095571125e-01
1.02705520712800e+01,5.67740267286594e+00,8.19330356560819e-03
1.31185904888860e+01,2.59204754899120e+00,-2.12998381819980e+00
1.70116035426112e+01,3.16396125368368e+00,-4.63122881351707e-01
1.57848283977050e+01,2.43182920059784e+00,-2.23040625461360e+00
1.60537761486026e+01,5.34980040156415e+00,-1.83775988960375e+00
1.69454489739140e+01,2.46501603562699e+00,-4.09916176780013e-01
2.03988923934248e+01,8.37365623171983e-01,3.19957686409228e-01
1.80605579108600e+01,7.41216817468181e-01,6.93758585821183e-01
1.61192161166397e+01,5.94460191309465e-01,-7.20084732878046e-01
1.64579309097811e+00,3.07272191737281e+00,-7.85574210659554e-01
1.92839383437873e+01,4.88408546086122e+00,-1.51717933227572e+00
5.59118394693061e-01,7.38784958729372e+00,2.30303267183283e-01
1.99858444558284e+01,4.07163744136705e+00,-1.29614571862688e+00
2.51927450812392e+00,4.47358141764773e+00,-1.79851516703134e+00
5.08996905413860e+00,1.83282990635539e+01,-6.19613959288072e-01
3.28152761247211e+00,5.32811996518105e+00,6.42037151653696e-01
4.32103436490329e+00,3.85087357065089e+00,-1.92771317562544e+00
4.87400211076006e+00,3.08281932008319e+00,-1.80856600469065e+00
6.79726612996330e+00,2.96466469175882e+00,5.65244804178275e-01
5.56282724476658e+00,1.58637688325891e+00,-1.85807948186126e+00
7.82373354945248e+00,5.88287572855438e-02,-5.25172354265967e-01
8.14218356575516e+00,1.60271702485647e+00,-9.03540741912903e-01
1.59071861978450e+01,3.57345858781017e+00,-9.53311070583313e-01
1.17480358598803e+01,3.99183068747225e+00,-1.72554403308795e+00
9.09910284522081e+00,4.60690677352750e+00,-1.39348481222983e-01
1.63085068228137e+01,4.19635935256612e+00,-8.35364920239392e-01
1.70493522745900e+01,9.12147151580184e-01,-1.90783636993598e+00
1.50609238749270e+01,2.37212684623409e-01,-8.69832490912114e-01
1.95355234435278e+01,1.38909007196107e+00,-6.02607093895783e-01
1.93143099810727e+01,3.69182362026901e+00,-9.90315473106399e-01
1.88921766659994e+01,6.05907352181772e+00,-8.52516860795009e-01
1.58704805545622e+00,4.97059178211975e+00,-7.41136377797377e-02
3.15918234089985e+00,7.09559279837499e+00,5.24142892250533e-02
1.10531864030109e+00,5.67500136084668e+00,6.94447867058764e-01
3.35080226943004e+00,3.05696578562812e+00,-2.14590525232805e+00
5.73088571682330e+00,2.85059506305959e+00,-1.37738964799001e+00
6.29164735111334e+00,1.91214541760423e+00,-1.70573220822795e+00
6.20448004698991e+00,3.76214611448073e+00,-6.78940123940924e-01
7.91959945978317e+00,2.85813873182351e+00,-1.38998331445247e+00
7.04790543930646e+00,1.32760741201508e+00,5.06888296691241e-02
7.25059238434975e+00,2.13843138451838e+00,-4.27633805022505e-01
9.19234380594100e+00,1.10530872959043e+00,7.35658514249868e-01
1.02242945618333e+01,4.73819451799614e+00,-6.65215743794009e-01
9.87345023993467e+00,2.84578625530799e+00,5.14133436741894e-01
9.07846695300872e+00,5.38728681795811e+00,-2.26247636971925e-01
1.81014073597187e+01,2.79263728149962e+00,-1.78199225818624e+00
1.42288792837308e+01,9.96554070138725e-01,-1.81387384609391e+00
1.96251723569567e+01,2.34041981828991e+00,-1.30793317662945e+00
1.64475480851277e+01,1.63550347461031e+00,2.36279316337366e-01
2.03303967706921e+01,2.87075389689525e+00,-8.25757009952237e-01
2.05452102238309e+01,5.89745342940949e+00,-1.45978917502369e+00
1.82405330481885e+01,7.64578590162823e+00,-2.49971227382691e-01
2.14458308377513e+01,5.45078166397927e+00,1.91174556938791e-01
2.20482217638723e+00,5.64096871660092e+00,-1.04486818246949e+00
3.56041869639649e+00,4.29021122176639e+00,-2.24007646449236e+00
4.00367991689691e+00,6.35120908016438e+00,-1.63582474570839e+00
4.37482060790907e+00,5.14186745242868e+00,-1.17620092102773e+00
7.92750346096949e+00,4.45263012112825e+00,-2.56461843841678e-01
7.83975271816264e+00,5.21900279697619e+00,-1.81225161098573e-01
9.37167664663870e+00,6.23182032580002e+00,2.23385896049017e-01
8.26301036129050e+00,6.25678212256983e+00,-1.81040460473269e+00
8.90621753533692e+00,3.04545343306107e+00,6.84276840422059e-01
1.33155931858789e+01,1.38583974046922e+01,2.75990289198702e-01
1.33373823807362e+01,7.96409386846420e+00,1.04568499716203e-01
1.22312556541274e+01,3.08421562054054e+00,3.49362848974153e-01
9.77473564708558e+00,3.84518996293493e+00,7.13445640952775e-01
1.73889913158214e+01,3.78620967065515e+00,-5.71567918599270e-01
1.77007726078166e+01,1.73075610453664e+00,3.96680043137769e-01
1.78142711244215e+01,6.87910695182455e+00,-2.21515031591001e-01
1.91723282990892e+01,6.93473055905604e+00,-5.52830604397199e-01
2.05996083931845e+01,4.74881150374255e+00,-8.92063355097833e-01
2.10684331813500e+01,1.00484267768741e+01,-3.36948622092431e-02
1.48108595719530e+00,6.63058388975134e+00,-4.96972711948065e-01
6.78611230983453e+00,4.93367558025005e+00,-7.53989015470157e-01
5.09154304818532e+00,5.73189577936982e+00,-1.11061071968908e+00
4.84903350322132e+00,6.87945870725965e+00,-6.03084290387540e-01
6.03210770002310e+00,4.80491997673242e+00,-9.19941786643020e-01
7.26164562737272e+00,3.90971135853434e+00,-4.14664933297589e-01
7.62462097846173e+00,7.30692714796773e+00,-1.50162659442840e+00
1.12233536479119e+01,4.93595304560333e+00,-7.45493334329689e-01
1.09215396890678e+01,7.41800553481102e+00,3.54585571984758e-02
9.50355334359509e+00,6.97346544230787e+00,2.55729495185243e-01
1.12159500571836e+01,1.08082736219018e+01,-2.21297877434683e+00
1.34056782973061e+01,9.86853243116026e+00,-8.40817498994358e-01
1.26060238752641e+01,4.02343016692833e+00,-2.24322711766245e+00
1.34564395645458e+01,6.99973354156337e+00,-1.43982702899686e-01
1.49841930097519e+01,5.70801384702385e+00,1.98020224042178e-01
1.87151798127720e+01,1.78098782780383e+00,-1.77901860529801e+00
1.78213210685502e+01,5.81323314942703e+00,-2.35353039426766e+00
1.92492668838379e+01,7.97827406523607e+00,-5.44636041646453e-01
2.01660951489857e+01,7.08657910692142e+00,-1.39222069990991e+00
2.01524849066219e+01,8.41763056189746e+00,-1.68125787638045e+00
2.08571153594072e+01,1.09236856183747e+01,-3.02257762350049e-01
2.55705180138341e+00,7.90870471323514e+00,-1.50887549086151e+00
1.94907603921944e+00,7.20608748872530e+00,-5.46182475671906e-01
5.23209271213437e+00,4.28976386334542e+00,-1.36699523849560e+00
4.19084153054116e+00,7.68482407242366e+00,-2.18467535508796e+00
8.59151493570019e+00,3.82200158214196e+00,3.31711684606965e-01
6.38214934855431e+00,6.82623032339821e+00,-8.77098389391869e-01
1.23276991520284e+01,7.39455360726096e+00,-5.85629688863805e-01
1.28547172303381e+01,6.12613244016672e+00,-1.42020455181140e+00
6.59662880935853e+00,7.66927185300443e+00,-5.74101636940365e-01
1.30349208376937e+01,1.21337491188413e+01,-2.22423363695354e+00
1.30201401051710e+01,1.09785251710297e+01,-1.97962440689827e+00
1.37968710106805e+01,5.29526407309308e+00,-1.94262206100542e-01
1.47075890094421e+01,4.14785212653349e+00,-7.00124373305521e-02
1.49858546775254e+01,3.28853943010331e+00,-6.55531377043321e-01
1.69315468893217e+01,4.94999153028489e+00,-1.82119868181517e+00
1.85089921117625e+01,4.98208015945503e+00,-1.45054905971816e+00
1.76863822957324e+01,4.67969708116475e+00,-1.79613856792742e+00
1.68660508209723e+01,6.19091610282074e+00,-1.87315978431076e+00
1.75238576660852e+01,9.08022562869797e+00,-2.19524179420941e+00
5.96109451899106e-01,8.19200181593244e+00,4.33054354501496e-01
4.46066380888529e+00,8.92265668797848e+00,-2.17478790446188e+00
3.96918750750362e+00,9.47993648941779e+00,5.84653208661440e-01
3.41452201223780e+00,8.29314035016859e+00,-1.85341341003279e+00
5.81396110096679e+00,1.10294837098654e+01,-1.13670330451735e+00
5.27351960490994e+00,8.30978315053765e+00,-1.63681936738424e-01
7.28185324824225e+00,6.38636491098643e+00,-1.20975478755702e+00
8.57589986608176e+00,7.26568074515994e+00,6.10255374730071e-01
1.15919105980299e+01,5.82868882369181e+00,-8.67996411872468e-02
1.11591289401979e+01,1.19393667291924e+01,-1.49309072566085e+00
1.44330375655278e+01,1.38373477869007e+01,-1.78574278426182e+00
1.24840034982196e+01,5.05625706449422e+00,-4.55691247887071e-02
1.16275255059186e+01,9.73085785366881e+00,-1.61880779843422e+00
1.50978344761483e+01,4.78458407012968e+00,-2.49125885978983e-01
1.40562508654096e+01,6.20679969075928e+00,5.54552374585017e-01
1.84013233185002e+01,3.89715278826754e+00,-1.01062230167951e+00
1.59133948334686e+01,6.47156989654145e+00,-1.75601950299605e+00
1.53068045884804e+01,8.80407990437187e+00,-3.57745650101691e-01
1.66355592278592e+01,7.34880037424623e+00,-1.47860069539696e+00
1.92577596502842e+01,9.09771504808885e+00,-1.05213667540078e+00
1.73075205110554e+01,7.98139296284192e+00,-1.61559827799611e+00
2.10149937048239e+01,7.83847265041344e+00,-1.75842514913470e+00
4.02707441374099e-01,8.77136451507226e+00,5.02509931424115e-01
3.52244175274626e+00,1.03340611310097e+01,-2.10401067789883e+00
6.31703449449907e+00,8.59038253609608e+00,-1.23470854425556e-01
4.43142584707947e+00,1.05367763418827e+01,-1.72258660074867e+00
5.46174015262979e+00,7.48064388409650e+00,-3.68882847917388e-01
7.36017857137479e+00,8.43213934809327e+00,-1.70302109485656e+00
9.61571190657872e+00,7.91595309052242e+00,-4.58139614214992e-01
1.22508695861115e+01,8.56331674538355e+00,-1.10568550359060e+00
1.19528878475598e+01,1.38744519882529e+01,-1.14474155202287e-01
1.26106493755910e+01,1.30780092774818e+01,1.66056441083363e-02
1.22291457320083e+01,1.10338352882018e+01,-1.98650558905925e+00
1.44202843122715e+01,9.76138913110981e+00,-1.01505488965574e+00
1.18428560800840e+01,6.66479649978473e+00,-4.48948467385452e-01
1.51291589010491e+01,6.76773280732649e+00,-2.28555797185013e+00
1.68149196046863e+01,9.67484075538768e+00,2.15017779502394e-01
1.58992060727608e+01,7.76048970629666e+00,-1.80562501234919e+00
1.81268155570838e+01,9.81141848245271e+00,-6.28167323697988e-01
1.98579471675202e+01,1.05773589396887e+01,-6.94939392655465e-01
4.80174255724385e-01,6.36599290947941e+00,-1.65189936774803e+00
2.00119087144522e+01,1.17068205868786e+01,-1.48620230420615e+00
1.53533616844762e+00,1.02014564529434e+01,-9.96226536820250e-01
1.65304623666220e+00,8.18310175031029e+00,5.97225293210527e-01
6.32070003978847e+00,1.01615916853429e+01,7.46266983665796e-01
5.83524276174922e+00,6.14989308058456e+00,-1.21705105091842e+00
5.59542611615575e+00,9.26091700519186e+00,8.13924359743605e-02
1.06245499675783e+01,6.55035015627355e+00,-1.16700475544855e-01
9.00311586700985e+00,8.96803268103920e+00,-1.19688278298233e+00
1.02680677905243e+01,1.02737339924575e+01,-2.09338551709822e+00
1.11942726008123e+01,1.58053515196875e+01,1.43986755023766e-01
1.40016986348666e+01,1.17132039722123e+01,4.28607599716737e-01
1.38124252132557e+01,1.28531921941302e+01,-1.19186880145493e+00
1.43471102037680e+01,7.38023900463790e+00,-1.35038417564317e+00
1.31495628593319e+01,8.92787114635405e+00,3.68235415058504e-02
1.50757474575199e+01,7.89046783809868e+00,-1.11848450260290e+00
1.64869887398150e+01,8.70229175364962e+00,-1.10473258375205e+00
1.89582032362843e+01,1.01984765145528e+01,-7.59100102815328e-01
1.83129964999516e+01,8.64589732214013e+00,7.79795347665534e-01
2.00746902818544e+01,9.58478342397072e+00,-5.08889037587840e-01
1.13782956838315e+00,1.21080685090176e+01,-2.18366620476743e+00
2.11439381573244e+01,6.63189423266406e+00,-1.38151779807674e+00
6.73974552829745e-01,9.71128732983897e+00,-3.99234953783770e-01
4.98971013888635e+00,1.14601417548482e+01,-1.34814875189831e+00
5.13335416119019e+00,1.01235048347796e+01,-2.16613787452464e+00
8.07073915839253e+00,9.29214068168935e+00,5.16864390823940e-01
8.75414201614154e+00,1.02829134732592e+01,-1.41278933137641e+00
6.74033812352602e+00,5.74909323637435e+00,-8.43258193524553e-01
9.66499571646014e+00,9.29154558689917e+00,-1.16874759826185e+00
1.07247113606740e+01,9.46901061063586e+00,-1.94233632739396e+00
9.85147587061600e+00,1.37570484598907e+01,-2.26260410739880e+00
1.23162721047778e+01,1.55036044041203e+01,-1.32564470861251e+00
1.47539213856046e+01,1.25665976762625e+01,-1.46301059036011e+00
1.24408540225824e+01,9.80231128051079e+00,-1.63912172799857e+00
1.50572487615393e+01,1.05919110234153e+01,5.42925917188751e-01
1.41956773892167e+01,8.71308829472153e+00,-1.20231995559439e+00
1.79883617775831e+01,1.08670871015006e+01,6.44201768271136e-01
1.64334242151898e+01,1.46090088302888e+01,-2.27975409801510e+00
1.90430759127093e+01,1.13142178364097e+01,-2.19261264569316e+00
1.90998135802539e+01,1.36626826346310e+01,-1.01838838907708e+00
1.60692486548916e+00,9.11202957767436e+00,6.39921051593573e-01
1.96740027794397e+00,1.10057720267510e+01,8.61645838208201e-02
2.77562205588000e+00,1.36759093598283e+01,4.29628190361201e-01
2.52031499676666e+00,1.01612388715234e+01,-2.04148030053894e+00
6.40116513666451e+00,1.14456947222660e+01,-1.15397680008317e+00
7.80012896377545e+00,1.02525013760203e+01,-2.11007360052327e+00
8.43396492560444e+00,8.17251297315456e+00,-6.86182594395462e-02
1.14294748256329e+01,8.43530372677317e+00,-1.34628206784753e+00
9.59874259100643e+00,1.05952005965933e+01,-1.96888888927314e+00
8.78099538350233e+00,1.49050520057970e+01,-1.91606837644066e+00
1.52649799958401e+01,1.47728481498122e+01,-1.09363991403114e-01
1.08262270397316e+01,1.65196771701931e+01,5.16248502662932e-01
1.50475888457575e+01,1.14468161872405e+01,2.98828355597614e-01
1.39795817080215e+01,1.07350466143420e+01,3.06176783164445e-01
1.55053524569670e+01,9.59486427247292e+00,-5.43641538588936e-01
1.59503135035055e+01,1.01848971328645e+01,-2.75759893604051e-01
1.70112105654742e+01,1.04505766305270e+01,-1.74460428747698e-01
1.98239856518668e+01,1.42270939633773e+01,-1.08645260882879e+00
2.07388320098501e+01,1.33806268192503e+01,-1.14111584838362e+00
2.00498528618655e+01,1.29100955599790e+01,-1.15476432133848e+00
2.10914670172074e+01,9.06115890049555e+00,-2.30559405286171e+00
2.76269950828038e+00,9.11353167516562e+00,-2.22919702212046e+00
3.96944088125806e+00,1.15513495047781e+01,-1.69602196633388e+00
4.53427392303691e+00,1.25839889562708e+01,-9.27720011646581e-01
9.13509243717459e+00,1.14910100437663e+01,2.11168262541771e-02
1.04775743676959e+01,8.38848749373824e+00,-1.05089341359049e+00
1.03366374844883e+01,1.15210119654547e+01,-1.46131869600957e+00
1.08142378087080e+01,1.40281762136787e+01,-1.45173664669617e+00
1.54748601272810e+01,1.58458422677788e+01,-1.84730569779671e+00
1.14980623293868e+01,1.48313991651009e+01,-5.06834946603559e-01
9.88599344870736e+00,1.57183658304160e+01,7.74674004845037e-01
1.19730459827696e+01,1.67167439543006e+01,-1.77687446022051e+00
1.72888505488996e+01,1.26503765041728e+01,-6.28839501636148e-01
1.40134856477259e+01,1.48005158480801e+01,3.21717685700231e-01
1.72113311534472e+01,1.15297873237998e+01,-2.23224186923750e+00
1.82669576182935e+01,1.19708581325640e+01,4.54047686884485e-01
1.80765593230242e+01,1.40919585069813e+01,-6.20836812806064e-02
1.92278146226214e+01,1.24828663037180e+01,-1.11942688164005e+00
2.08862033037744e+01,1.20955247547199e+01,-1.62671109712255e+00
1.77654417710162e-01,1.15844425259153e+01,-2.09902182939435e+00
2.98476735092372e+00,1.12022251616235e+01,-4.32020027210318e-01
1.90045696455984e+00,1.17817022331295e+01,6.26572654034254e-01
2.90044099264992e+00,1.20067893391282e+01,-4.86100503501931e-01
6.91448294484530e+00,9.46978653226268e+00,6.43139979284440e-01
8.18399174505407e+00,1.22846527905626e+01,-1.15788693436396e-01
7.16927521823130e+00,1.07957541939395e+01,-1.79135165562563e+00
1.04565996694824e+01,1.28367627518252e+01,-1.41898363595000e+00
1.20257396626072e+01,1.20676391587799e+01,-1.93201695309229e+00
8.57755721997234e+00,1.69096255396168e+01,-3.14251835280439e-01
1.03716923782506e+01,1.49760802807732e+01,-2.19012465432561e+00
1.27751949945527e+01,1.76220057849637e+01,-1.57157892170719e+00
1.27399540774253e+01,1.45701236114582e+01,2.53963122198712e-01
1.64593064889738e+01,1.65227297854375e+01,3.27621517764234e-01
1.61535331081720e+01,1.11778128089576e+01,-9.85489847138259e-01
1.62511704947844e+01,1.33232179477773e+01,-1.46732382735769e+00
1.82112060101280e+01,1.30838784611834e+01,-5.14178640491688e-01
2.05618782898794e+01,1.47505613426663e+01,-1.36118450440949e+00
5.94082785952661e-01,1.83662374449403e+01,-1.90694116602867e+00
4.88747445412655e-01,1.63546043599535e+01,-2.32196750009626e+00
1.75593298793319e+01,1.49262260574656e+01,-2.32194759383806e+00
1.40810853254841e+00,1.31316728345791e+01,1.54798515945747e-01
7.22456511248541e-01,1.08529811544513e+01,6.08257162228642e-01
2.43930825328270e+00,1.44350003442393e+01,-9.43473420945320e-02
3.74304424549922e+00,1.32237356087951e+01,2.25993450110270e-01
3.51075310824962e+00,1.24840519530827e+01,4.97250453758051e-03
5.58179282122954e+00,1.23606145328514e+01,-1.38615209008432e+00
7.13138238829060e+00,1.29244283054695e+01,-1.13280492914786e+00
1.14371291021382e+01,1.30048495099718e+01,-9.45928540081951e-01
9.89435060997720e+00,1.69029712009892e+01,1.60987754770090e-01
1.20884096635553e+01,1.79824777860581e+01,-1.65340917152559e+00
1.29882157169455e+01,1.63982272458684e+01,5.85333766046143e-01
1.34327295072843e+01,1.55437069734857e+01,7.60391639707110e-01
1.45802932590501e+01,1.57702572214867e+01,-1.60220777698423e+00
1.41526907316196e+01,1.65797846012276e+01,6.96427981221914e-01
1.77019820800360e+01,1.69138035711231e+01,-3.86947316909927e-02
1.84288789165489e+01,1.59126713217552e+01,3.80713000125550e-01
1.56525137242936e+00,1.84046097623559e+01,-1.04502240406205e+00
8.57985505882826e-01,9.82570148617538e-01,-1.44003937939490e+00
2.13178922111496e+01,1.39969105221352e+01,-1.39067541648240e+00
2.14148142778621e+01,1.52122512992575e+01,-1.57922150155530e+00
5.59803147339013e-01,1.40271899539529e+01,-1.25981552987415e+00
2.56262636536977e-01,1.27924953640814e+01,-1.46340978864583e+00
2.38035342292528e+00,1.27508068908715e+01,2.88747772821355e-01
5.81472439732881e+00,1.36803067826329e+01,-2.23511424356405e+00
7.03406466831530e+00,1.20220657763615e+01,-6.55620798891428e-01
8.04182457819887e+00,1.13470333368032e+01,-6.24869077778739e-01
7.89496284363776e+00,1.32966036792856e+01,-1.57101611086554e+00
9.06354637450691e+00,1.60704293091644e+01,-2.24854332936708e+00
1.12639213300642e+01,1.85766914383176e+01,-1.75304293945007e+00
1.15585604763512e+01,1.03650513481220e+00,-2.04280038937405e+00
1.23132421987353e+01,3.53798659013180e-01,-8.79969879447323e-01
1.12176494691328e+01,1.74358418425570e+01,7.40973729129786e-01
1.73296515620425e+01,1.85820948902536e+01,-1.70581921224577e-01
1.56493266729912e+01,1.23362032632077e+01,-1.37661014142289e+00
1.62264767884895e+01,1.55084723529103e+01,-2.28543522025421e+00
1.87307042058601e+01,1.48389382396555e+01,-6.06548625043710e-01
1.89183585671571e+01,1.69412446466313e+01,-2.32573600204914e+00
2.15913779854578e+00,1.72080799620988e+01,-1.83898167389695e+00
3.10198973328125e+00,1.74537212002325e+01,-2.02567724621625e+00
1.23487867804549e+00,1.73871083574501e+01,-1.28060223969637e+00
3.48339296352229e+00,1.48123912024958e+01,-2.01008471553033e+00
7.29916335192665e-01,1.51666994346503e+01,-1.33336449095726e+00
1.63311151089317e+00,1.51162733020682e+01,-1.57719382489620e+00
6.09180690700141e+00,1.80371674301536e+01,-7.18507259518801e-01
5.89649723856645e+00,1.64843029913493e+01,3.51398952220102e-01
4.88653478091508e+00,1.34210722107227e+01,-4.68030040029506e-01
9.53005844058253e+00,1.22364129690379e+01,1.77011309160154e-01
9.26388886308360e+00,1.28385757032722e+01,3.59797650639854e-01
8.09671513295952e+00,1.57365984927462e+01,-1.84454494526508e+00
8.85639196248759e+00,1.76944494748678e+01,-4.95517794616753e-01
1.36142323968203e+01,1.83838801832176e+00,-2.32640546499278e+00
1.32492189798064e+01,1.84006216576924e+01,-1.04201056478792e+00
1.49143090123743e+01,1.77013633651622e+01,4.74688502518246e-01
1.53940913303056e+01,1.36328230001628e+01,-2.05239379003988e+00
1.71669040164512e+01,1.37582143851115e+01,-1.08541380829833e+00
1.96741631071178e+01,1.63860080065973e+01,5.34436459448049e-01
1.72100379768856e+01,1.77637562418620e+01,-2.91672779529278e-01
1.96043590822432e+01,1.54124215831874e+01,-1.76975087708856e-01
2.70873723689973e+00,9.50997503736189e-01,-7.79751226135838e-01
3.49704859922521e+00,1.67206060433076e+01,-2.30806254833793e+00
2.38948072738899e+00,1.62203290684357e+01,7.62722936493206e-01
1.36837171534657e+00,1.62147781277495e+01,-2.08893238549856e+00
1.54745965076472e+00,1.40436715148140e+01,-6.81578233093546e-01
3.95053177230286e+00,1.39945269498652e+01,-3.68861759781297e-01
6.31514303842674e+00,1.28744584244832e+01,-1.85317012014911e+00
5.64302094166787e+00,1.46129476018767e+01,-4.19801731158174e-01
4.45306651760579e+00,1.53493631494820e+01,-7.22658251975210e-01
8.68654791840973e+00,1.35150886553032e+01,-1.81803571798175e+00
1.02595690517066e+01,1.77101422543454e+01,2.47324677364311e-01
1.09070201195923e+01,1.06651183577154e+00,-1.91175445913108e+00
1.36167116118958e+01,3.64366211803622e+00,1.68660543891443e-01
1.60728310529071e+01,1.82689784455277e+01,5.91119499088608e-02
1.37157350505110e+01,1.73570926167873e+01,-2.16812663372770e+00
1.62967278666423e+01,1.73887112549100e+01,-3.14278182155984e-01
1.72142667157114e+01,1.58636435200417e+01,-2.15871925680142e+00
1.84239058130842e+01,1.77963023915560e+01,-2.25950131772889e-01
2.08116130661662e+01,1.60215036239719e+01,6.06509042359400e-01
1.41389379648204e+00,1.96942834722412e+00,-1.90492954345755e+00
2.39143900944919e+00,1.84408379875235e+01,-1.33093832296336e+00
1.77014327786856e+00,9.46962637462738e-01,-1.63426292644818e+00
3.23520174415907e+00,1.71710395105991e+00,-1.31225511010818e+00
4.10193174199422e+00,1.35221891353582e+00,-1.08087250757459e+00
4.68058562519457e+00,1.43946730794438e+01,-5.81626148513385e-01
6.68676699282022e+00,1.60847556085933e+01,7.50009698155970e-01
6.87840779981930e+00,1.72238054868266e+01,-1.83257310043443e+00
6.69368348571460e+00,1.47463317081361e+01,-2.70657867397912e-01
9.41417533171557e+00,1.45068375366324e+01,-2.08263143573892e+00
6.95451763047000e+00,1.39491758808361e+01,-1.50380592515393e-01
7.89688906751001e+00,1.44699581473179e+01,-1.06202462798656e+00
1.19537916790910e+01,2.03532234773632e+00,5.63477305061272e-01
1.02867703611468e+01,1.85292992947026e+01,-2.14225617169521e+00
1.25307847952892e+01,1.52431954064171e+00,7.71922634439031e-01
1.32198039406993e+01,7.80950975434544e-01,-5.82734339678283e-01
1.52836530260584e+01,1.32940030878034e+00,-2.30131911378212e+00
1.52884379940405e+01,1.67955681175844e+01,4.52108908295674e-01
1.64934230814534e+01,1.22065153975267e+01,-1.39452628493981e+00
1.97428235438468e+01,1.75893490267718e+01,-6.14072739947701e-01
2.02687734246307e-01,1.71604371671618e+01,-2.19485685672300e+00
7.85079944021584e-01,2.46599502564886e+00,-1.72662224592310e+00
2.60592888259553e+00,3.43707056023147e+00,-2.32739808987291e+00
6.38139702634349e-01,3.66362439608778e+00,-4.10158017786712e-01
2.72503546572224e+00,1.54685927999488e+01,7.69733214193147e-01
5.69742807907971e+00,1.73798659123716e+01,-4.24204660768890e-01
3.79518074546431e+00,1.61062338669882e+01,-2.22040763101290e+00
7.72585631780793e+00,1.78063058199946e+01,-7.53654993959342e-01
4.82524954588923e+00,1.62480251162285e+01,-2.85026010549458e-01
7.06032889967579e+00,1.54362958194612e+01,2.99576056817451e-01
5.68723266058462e+00,1.54386758756555e+01,-2.27834318507997e-01
9.42179981375517e+00,2.14559575278621e-01,-4.05196368614127e-01
1.00224030446865e+01,2.02687818602322e+00,5.66315480713804e-01
1.10893244669205e+01,2.18940996986626e+00,6.66777987722379e-01
1.41366858498959e+01,2.87932409486809e+00,-2.15815788646148e+00
1.36606486591407e+01,4.54732603592562e+00,1.33978148604865e-01
1.40919351627822e+01,1.84907284649606e+01,-1.31372436374742e+00
1.87970771630306e+01,1.84896177131842e+01,-3.09051838972654e-01
2.01518506632156e+01,1.84930357668445e+01,4.72628038803371e-02
2.06332538218093e+01,1.68993680558421e+01,-1.03792799555590e-01
2.05694696807818e+01,1.76967581333318e+00,5.29230475791144e-01
3.90907076166896e+00,4.31978067057072e-01,-7.73811517284416e-01
2.09948673781540e+01,3.72154152853374e+00,6.68743722073061e-01
