7.32421032481407e-01,4.55631680795092e+00,-7.40524170176095e-01
2.06397948318689e+01,4.79145409238363e+00,-1.04591422788588e+00
2.07768288879797e+00,8.71545422486476e-01,-2.68714736116812e-01
3.32277874158522e+00,6.10844346590310e+00,-2.27980793989578e+00
5.40142936328942e+00,7.12506133182403e-01,-1.29221315511178e+00
6.69392772820073e+00,1.52974010526883e+00,-8.33803299915143e-01
5.42210950281853e+00,1.65621225902964e+00,-2.91272802381069e-01
8.37252031246444e+00,1.86105681038058e+01,-1.17686746952790e+00
9.23901995566731e+00,4.93734485986457e-01,7.66552656305447e-01
1.18518671460654e+01,3.08153243574222e+00,6.65805401745334e-02
1.08938164245457e+01,3.53451823473963e+00,3.02295430931496e-01
1.30376302641743e+01,3.41917068023692e+00,-2.15626051439148e+00
1.21869209263456e+01,3.94774997864383e+00,1.38753192354238e-01
1.64480509097008e+01,3.55412022552574e+00,-1.27885354638527e+00
1.42062310040888e+01,1.42579591089312e+00,-4.13490695629706e-01
1.99935434625433e+01,1.64725302663332e+00,-1.60491902648691e+00
2.05856165307806e+01,4.56809587779239e-01,-1.19923115740353e+00
1.82046995499402e+01,1.03268079626165e+00,-1.89622524409735e+00
2.02441419183990e+01,2.83209319035446e+00,3.93073639029675e-01
2.09767194955591e+01,1.40229140034033e+00,5.27845562759980e-02
1.25095568996008e+00,5.23187766015423e+00,-1.21539825864591e+00
2.96520124146805e+00,1.82107784226903e+00,-1.76972601284571e+00
3.92245184973493e+00,3.83142343514128e-02,-2.26459965311111e+00
3.05908670645177e+00,5.67678003238280e-01,-5.42707813902728e-01
4.67894662410690e+00,9.12653873464651e-01,-1.38790235026445e+00
4.16458701178663e+00,2.03203766701172e+00,8.08009284995608e-02
5.49815596229475e+00,2.36733412310644e+00,-2.11271000202545e-01
8.70025780858418e+00,1.24416551400114e+00,-1.80505628220761e+00
1.13626072066165e+01,6.12797219307261e+00,-8.38939240373333e-01
1.30873224452066e+01,1.33922904986080e+00,-2.28416126371283e+00
1.55683256113753e+01,3.45520256737049e+00,-8.18140068754905e-01
1.45381283620651e+01,2.31280780033887e+00,-8.82709796119244e-01
1.64335240952407e+01,5.92095780587534e+00,-1.06261683308200e+00
1.54797630203198e+01,2.51514885450609e+00,-6.95294528808869e-01
1.91145676305942e+01,1.15648483616623e+00,-1.58175841477416e+00
1.75638714494236e+01,1.95215684380894e+00,-1.62578988766855e+00
1.82586621053247e+01,1.20312111829225e-01,5.84910334163498e-01
6.72635372696528e-01,2.77813386302834e+00,-9.53326061402279e-02
1.95400291832224e+01,4.51363856298112e+00,4.53472000249471e-01
1.22897518061478e+00,6.76198082498299e+00,-1.62895851764177e+00
1.82733478880685e-01,3.88872156549257e+00,-9.60992250720299e-01
2.03847876321832e+00,4.54705178274555e+00,-1.32548538469846e+00
3.75246181307427e+00,1.10269690852500e+00,-1.02538813821493e+00
3.27312528467181e+00,4.86959661639172e+00,-1.26361915942164e+00
4.06674547340477e+00,4.30014089690198e+00,-2.07789675030888e+00
3.74194257341190e+00,2.96471666485154e+00,-2.05911802497266e+00
7.03077342739853e+00,3.84920210014245e+00,6.41217098062033e-01
4.61905309839215e+00,2.91883634851953e+00,4.91718675728141e-01
7.84536336191753e+00,1.93600969049616e+00,5.39171500943335e-01
8.89645437707042e+00,2.25381241855410e+00,-3.38698389027037e-01
1.45725226955971e+01,3.37429577559047e+00,-2.12339314529639e+00
1.34141291266448e+01,4.62814108592770e+00,5.58891051681294e-01
9.73875487226254e+00,4.77786258882600e+00,2.18087396422789e-01
1.61417999360310e+01,5.00940194912882e+00,-1.26898456926481e+00
1.64908332353065e+01,1.60429685964728e+00,-4.02961913862754e-01
1.73295229776851e+01,7.69133065967204e-01,-9.67098976606249e-01
1.82427627569649e+01,3.04961356915110e+00,7.53199276760966e-01
2.03074414052353e+01,3.83000999021129e+00,-1.95549115867046e+00
1.95338513411159e+01,5.38826123357052e+00,2.04259339506429e-01
1.60842096628060e-01,5.61477399468072e+00,-6.45103530224363e-01
2.62786010820193e+00,6.85093357604597e+00,-2.28641908214027e+00
1.77677469463870e+00,6.09465004604688e+00,-1.70925266778343e+00
3.25449435375954e+00,3.36820621632034e+00,-1.90273411938812e+00
4.69312316803755e+00,3.80547400195894e+00,4.54399420477343e-01
5.72581189500266e+00,3.42314634931549e+00,3.40309931289393e-01
6.29288043715238e+00,4.35336246701452e+00,-1.58432063714796e+00
8.30753537833943e+00,2.93637200103197e+00,3.16458282829434e-01
6.53013371875928e+00,2.80899057713037e+00,-2.15706853949616e+00
7.19637090215664e+00,2.50389184131497e+00,-2.08937611044432e+00
9.63637066724571e+00,2.94968781681406e+00,2.90628563956653e-01
1.12272439006368e+01,5.16454806168793e+00,2.69934011015070e-01
9.93127572138264e+00,3.92896663773882e+00,1.23181915018052e-01
1.09759184894175e+01,4.37438148854963e+00,-2.31466962872280e-01
1.57372441096488e+01,4.35432560718593e+00,-1.08573809711949e+00
1.53914981515044e+01,1.51840277409940e+00,-4.74690911926039e-01
1.83088755782062e+01,4.01844830593315e+00,3.19240773449421e-01
1.84364421715893e+01,2.04936751527417e+00,-1.37647875127684e+00
1.93130073802959e+01,3.53385955376766e+00,-5.33722743829400e-01
2.04493467186805e+01,6.01660402475407e+00,-7.11536537076555e-01
1.98250781938090e+01,7.60170455346038e+00,-2.79035043198778e-02
2.11122815492538e+01,6.61211820958480e+00,-7.62215966239930e-01
2.48695318850954e+00,5.59221786391870e+00,-1.52573510144668e+00
2.76338241010260e+00,4.29149480386302e+00,-1.36731118266559e+00
3.70333647349742e+00,7.04158427690500e+00,-5.19163530909913e-01
4.17529553794110e+00,5.36577310478929e+00,-2.76958479093231e-01
7.41436938818694e+00,4.93366980181616e+00,7.85157939462135e-01
9.24190890649547e+00,5.46346092525555e+00,4.01790398398084e-01
1.04985918841220e+01,6.83024164988004e+00,-6.07497043407462e-01
1.03851190652410e+01,5.70913554020063e+00,-2.31288654954333e+00
8.89982210135645e+00,3.84930299094299e+00,-1.45589083934544e+00
1.35217789504863e+01,1.26142217675252e+01,-7.03443505916877e-01
1.35239446573326e+01,7.80789256805017e+00,-1.01886680499980e+00
1.39339470040921e+01,3.87699861185987e+00,-1.98845845253266e+00
1.22418914191677e+01,4.79800503967272e+00,3.94726791230902e-01
1.68368778338921e+01,4.56721896616021e+00,-1.55348579513118e+00
1.65768716611794e+01,2.51574641884951e+00,-4.56513024579423e-01
1.80617547442419e+01,6.58856289105887e+00,-1.23662996777769e+00
1.91714528369965e+01,6.12450813503439e+00,3.28945397679736e-01
2.12718646661513e+01,5.05971063073391e+00,-9.68665495066482e-01
1.85107336960443e+00,1.00958399252720e+01,-2.28380116686495e-02
2.04071162885877e+00,7.54182118238204e+00,-1.92670964822526e+00
5.79773998527291e+00,6.00327546144747e+00,-2.55934371266228e-01
4.56123452098888e+00,6.13622607366879e+00,-3.64070663171200e-01
5.93343459573499e+00,6.75315979472318e+00,-1.47123269005247e-01
5.47467981020398e+00,5.25436823934125e+00,-4.49575086103164e-01
6.66249710778802e+00,5.35745911586334e+00,-2.29683483819740e+00
9.53913410120704e+00,6.42690489043990e+00,-2.72295193427035e-01
1.22695922859001e+01,7.21596713701570e+00,-1.20855325795769e+00
1.05320147465271e+01,7.73628572900234e+00,-1.52180363019566e-01
1.15086835685512e+01,7.05428764441009e+00,-8.31705129326230e-01
1.25723142985683e+01,1.00666176037303e+01,3.46201294698718e-01
1.34890209639831e+01,1.07365633903989e+01,-2.20000728508052e+00
1.42289930442945e+01,5.52379620833658e+00,-2.25705966892322e+00
1.50091400756686e+01,8.29123406956982e+00,-1.11193241293505e+00
1.60622862477902e+01,7.94130958767854e+00,-3.94532229796699e-01
1.73282466734997e+01,3.25278752214956e+00,-1.56600332080335e+00
1.81865204660476e+01,5.49387278078707e+00,1.45667715815953e-01
2.00855170457294e+01,6.95969653567136e+00,4.26766347043959e-01
2.12152532948805e+01,7.29924064635940e+00,-3.64806791233390e-01
8.17979068908261e-01,9.42826725076064e+00,1.67409904347858e-01
2.29602882162199e+00,1.17301302214137e+01,3.08283819371570e-01
3.88460267545207e+00,7.98115881869736e+00,-7.44819492051483e-01
2.93353768560717e+00,7.97813425267093e+00,-1.35764624121224e+00
5.17646847679698e+00,4.57938504303293e+00,-6.52886375008462e-01
6.72098343744932e+00,7.25514665593507e+00,-1.66746312860974e-01
7.71849483615205e+00,3.54530208210473e+00,6.74233169216682e-01
8.43525736569847e+00,5.84332820972852e+00,-2.22185929648372e+00
1.13640751800858e+01,8.19439051112677e+00,-6.71771131876049e-01
1.32610991403097e+01,5.66253857144044e+00,-2.16804155780188e+00
8.65609091989522e+00,7.89522475518137e+00,-1.42501528789184e+00
1.27012284220540e+01,1.18692593622287e+01,3.29716702180794e-01
1.39370529814517e+01,1.16047795583095e+01,-2.10240911765476e-01
1.41734328271834e+01,6.55907074717882e+00,-7.01665702086091e-01
1.51979623920469e+01,5.52268375890395e+00,-9.01567945374739e-01
1.47439234050972e+01,4.57596273357984e+00,-7.03104888210104e-01
1.66279873181279e+01,6.95003860537616e+00,-1.01952610494007e+00
1.85629893015916e+01,4.80146223463708e+00,1.79856764193151e-01
1.72337891571380e+01,5.94103295227478e+00,-1.72026039229074e+00
1.88610888620586e+01,7.02673211639535e+00,-4.92161002958000e-01
1.94552447368371e+01,8.62676848392230e+00,-9.15228676492707e-01
1.48158037524699e+00,7.97326218663518e+00,-2.22726373179936e+00
4.85502125502116e+00,8.36798149504613e+00,-1.72032814099568e+00
5.70238599903071e+00,7.63865085346505e+00,2.13145340253348e-01
4.83713099411599e+00,7.01588773869215e+00,-1.02539873224827e+00
5.51101373685306e+00,1.05317546536339e+01,-9.83769359794698e-01
8.50403685204023e+00,6.87626964621140e+00,1.95778235677334e-01
8.31847345623760e+00,4.67810115679388e+00,7.17802333479109e-01
9.53322835784252e+00,7.58565050039032e+00,-1.42739397853141e+00
1.30864780427432e+01,6.86601252045576e+00,-1.47443243827566e+00
1.15102692241949e+01,1.11832168444187e+01,3.52329602929711e-01
1.40654218710668e+01,1.33904077018792e+01,-1.11001759306989e+00
1.23194317593201e+01,5.94556854105818e+00,-1.77439673035980e+00
1.28758704026985e+01,8.96022465312504e+00,-7.61423369832014e-01
1.56420989712265e+01,7.10142396112700e+00,-8.51327794909105e-01
1.45487670618403e+01,7.47698226201912e+00,-9.80720730907490e-01
1.74746461994560e+01,4.59677961389318e+00,-1.47558339356196e+00
1.72297446341820e+01,7.45823609310334e+00,-1.04514619052527e+00
1.74516791762051e+01,9.23529366961657e+00,-8.85637676230514e-01
1.84665117191661e+01,9.26980025872076e+00,-1.49424866848258e+00
2.06710180751413e+01,8.05599098061485e+00,-3.25234631386265e-01
1.87959896907623e+01,8.03585104983691e+00,-1.26028925370420e+00
1.09984096886783e+00,8.69151117065614e+00,4.58405286094808e-01
2.27390351110362e+00,8.74721506795740e+00,4.65914149693391e-01
6.06601689280381e+00,8.62707533689036e+00,4.35699740766630e-01
6.15914930934111e+00,9.64029642885914e+00,-1.52956708986348e+00
7.74312843383549e+00,7.47612240360378e+00,-1.50213413850238e+00
6.88350015231366e+00,8.14482579589731e+00,-2.35372305577513e+00
7.88676196403361e+00,8.56655070826282e+00,-5.93280557316181e-02
1.01361866557419e+01,8.55400668085612e+00,9.14963945706807e-02
1.24683518097169e+01,8.12900634445345e+00,-8.23443810808238e-01
1.30623209252573e+01,1.37864271862675e+01,-1.48894554185674e+00
1.24250618953389e+01,1.28450280939829e+01,-2.02507100791304e+00
1.26391859507912e+01,1.10486649631204e+01,5.06229884713029e-01
1.44608723598480e+01,1.06015643391431e+01,-1.40390548243774e+00
1.39879177632223e+01,8.67128480752917e+00,-9.35657126519646e-01
1.67694734469518e+01,8.53549406678691e+00,-2.88465110792865e-01
1.86059673616133e+01,1.04788328533975e+01,-1.19097992267548e+00
1.79868873017997e+01,8.01349158310888e+00,-1.35886057949617e+00
1.95229952782414e+01,9.70595023073449e+00,-2.63805356563429e-03
2.12105647764222e+01,9.82011159297470e+00,-1.81268445319230e+00
6.04554665868029e-01,6.43380431079567e+00,-1.36903217483568e+00
6.42595916593198e-01,1.03714960799874e+01,-2.32117521879546e-01
3.37553767601807e+00,1.01361354686372e+01,1.52417236666998e-01
4.01303935703942e+00,9.09028450756861e+00,-1.35360925327790e+00
5.25696060768064e+00,9.47234439599139e+00,-1.25745740427532e+00
7.11163591584529e+00,6.50486502187388e+00,5.60879557244279e-01
7.13200369231826e+00,9.40230183512267e+00,-1.84789172674642e+00
9.97590565138537e+00,9.55007281015020e+00,-2.28619980245047e+00
8.19908360184567e+00,9.52126410790426e+00,-2.69264357003289e-01
1.15156242695673e+01,1.02749814697653e+01,4.79538590300666e-01
1.19797617804045e+01,1.39436129014325e+01,-2.30555831649713e+00
1.56656061126545e+01,1.23005250735872e+01,-1.44588130708397e+00
1.46703763532775e+01,1.22766121466176e+01,-8.37274519011460e-01
1.47011106463159e+01,9.54392328429513e+00,-1.93149585783369e+00
1.55959395206357e+01,9.05486387279519e+00,-1.25205592707313e+00
1.63677185975414e+01,9.47927478157636e+00,-5.79965534969301e-01
1.77115905548975e+01,1.03372809560828e+01,-1.35852990040120e+00
1.94941328921167e+01,1.07081116599021e+01,-9.53966462323907e-01
2.03823889801347e+01,9.11200098525824e+00,-1.71248686180746e+00
2.14113604639124e+01,8.69535577804815e+00,-1.21393299928921e+00
1.97625232042483e+00,1.33801228236671e+01,6.53328059030171e-02
5.06619782287208e-01,7.66323484757711e+00,-8.44104018400796e-01
2.28640426591009e+00,1.07342178579468e+01,-5.83185173791943e-01
4.83320427731659e+00,1.16289348765521e+01,-6.58771343933913e-01
4.48095786286368e+00,9.67058062857605e+00,-1.21281742001107e+00
6.67990169796307e+00,1.05370233127853e+01,-2.30110980895355e-02
8.64557363657780e+00,1.05110568204149e+01,-2.20635273638576e+00
7.66686635659570e+00,5.99980932405028e+00,-2.09372140890327e+00
9.58957728321757e+00,1.12582845181793e+01,-1.98543426230653e+00
1.08615355257623e+01,9.30569398644082e+00,-1.50149571532697e+00
1.06352578017891e+01,1.37668498874765e+01,1.07030161766278e-01
1.37227788399298e+01,1.46527441578479e+01,-1.33486475058902e+00
1.51000807321966e+01,1.33247374262417e+01,-1.85025806015962e+00
1.36086831448146e+01,9.75443217753375e+00,6.96289307576723e-01
1.63018654130289e+01,1.13229373343450e+01,-1.77451130443469e+00
1.56252018983307e+01,1.02876547998990e+01,5.01140616480281e-01
1.88703927978012e+01,1.16521711337113e+01,-1.44230850350869e+00
1.92531739505081e+01,1.26245596340768e+01,-1.34888533728663e+00
2.03910960486210e+01,1.03475139299398e+01,-1.59380616721953e+00
1.28199406701741e+00,1.12506508652937e+01,-1.39282105437999e+00
3.24543211141465e+00,9.09749017468925e+00,-1.50772008698490e+00
3.17168579437621e+00,1.10827306490106e+01,-3.71955539056324e-01
3.74503138008446e+00,1.40673735950534e+01,-6.65613778477260e-01
4.41388361232772e+00,1.07307739235766e+01,-7.41035688151812e-01
5.98069821700534e+00,1.14839638520588e+01,-1.12903895669606e+00
7.76116079214945e+00,1.05960890182700e+01,-1.90607940622029e+00
9.07943998956222e+00,8.86968509821768e+00,-1.70871804392339e+00
1.18101955422795e+01,9.23040498869548e+00,-1.66079143450113e+00
1.04197529755262e+01,1.05138691020772e+01,-1.07024285008302e+00
1.19470372177049e+01,1.53376602153650e+01,-1.49612769510497e+00
1.57891912703413e+01,1.46061395428371e+01,-2.12377826562363e+00
1.27719282380645e+01,1.49557428479580e+01,-1.86675281555304e+00
1.65392453913816e+01,1.24143872809213e+01,-1.03038142094953e+00
1.52055215649820e+01,1.12911424018528e+01,-1.69214447894142e-01
1.67941916941061e+01,1.03224124749336e+01,-1.29756417760084e+00
1.72164975125998e+01,1.14949464778196e+01,-1.57963492696353e+00
1.80131146934149e+01,1.15609975226858e+01,-1.48779684776708e+00
2.00583791939358e+01,1.28440591727746e+01,-1.36259191723696e+00
3.58226981117614e-01,1.14617231909947e+01,-1.10453611138503e+00
1.58964047646524e+00,1.24786638405620e+01,-2.12087641903347e+00
2.21280271894926e+00,9.49358455369972e+00,3.44501922274548e-01
4.04629226805138e+00,1.25928642889461e+01,-3.47052280364297e-01
5.27055679446809e+00,1.24825724954742e+01,-9.12064673969652e-01
5.39473074014922e+00,1.35566066320377e+01,-7.87621522645705e-01
8.71768171546609e+00,1.15511707275339e+01,-2.01004745121048e+00
9.27399350148879e+00,1.00793054550056e+01,-2.20958247104764e+00
9.47582170300599e+00,1.24427993406909e+01,-8.04605806100340e-01
9.32361525148378e+00,1.36125600470353e+01,6.31762663181926e-01
1.59000650281169e+01,1.67861384332808e+01,4.64417711117797e-01
1.13343146258927e+01,1.30275115009237e+01,-1.94864787222609e-01
1.12022268252819e+01,1.47142462461634e+01,-1.45501866603864e+00
1.36196151741589e+01,1.58760284349604e+01,7.03668331937901e-01
1.73908735479292e+01,1.35512582178388e+01,-2.27765237731058e-01
1.47353593545914e+01,1.43486872180016e+01,-2.24099560617975e+00
1.73225049512908e+01,1.26766408902936e+01,-8.07509256700523e-01
1.83292320910806e+01,1.28104641347094e+01,-1.74627426378199e+00
2.08974082583875e+01,1.21079175404500e+01,-3.34673818084174e-02
2.11027101892861e+01,1.10265595750687e+01,-8.16781804986562e-01
5.49969144829642e-01,1.23872901933872e+01,-4.57278213220654e-01
8.36813069935871e-01,1.34553687262647e+01,-9.06224950079798e-01
3.56992174631207e+00,1.17948722185392e+01,-3.23579420033609e-01
3.21351726208493e+00,1.33874559033323e+01,-1.76959569696141e-01
4.49116267677539e+00,1.33841111781445e+01,-3.28733039887280e-01
6.98977398340197e+00,1.16185438511205e+01,-1.13833148303271e+00
7.33893546195822e+00,1.27895967821781e+01,-2.02600838678672e+00
6.24326276340996e+00,1.25797498041577e+01,-9.73328312321420e-01
9.19762083412218e+00,1.47791170722684e+01,-2.28491459624134e+00
1.15205119521607e+01,1.21330018379234e+01,-1.82858688907745e-01
1.01490771350734e+01,1.74044114662883e+01,-1.96059621430047e+00
1.03356746525153e+01,1.28369987364920e+01,-7.76167775672857e-01
1.19196603786276e+01,1.68363176542043e+01,-1.62734477347508e+00
1.44786290609192e+01,1.53293568069572e+01,-2.74061514470814e-01
1.69958734760370e+01,1.54860026181928e+01,7.33129635956341e-01
1.61529533599233e+01,1.34059372153783e+01,-2.67737883949480e-01
1.92600990375446e+01,1.36404081016030e+01,5.14979144532974e-01
1.99553477287413e+01,1.16415136546514e+01,-9.36340735851289e-01
2.13175853202167e+01,1.57804808086447e+01,1.12204639102103e-02
9.78433073734992e-01,1.85104957532190e+01,-7.98046942321279e-01
2.12377709747852e+01,1.49772971690395e+01,1.29810040655140e-01
2.03200771918418e+01,1.38247108134428e+01,-5.90271631910335e-01
1.54837561008106e+00,1.41559920690332e+01,3.67621802362199e-01
2.74436683073553e+00,1.25897866201180e+01,-2.62975403021327e-01
4.44520376647049e+00,1.61402488336176e+01,7.23802834802000e-01
4.90863849889337e+00,1.55131334616396e+01,6.63655250949416e-01
4.52526738377636e+00,1.44469970782814e+01,-1.18887571408950e+00
6.39711925063941e+00,1.35810200188717e+01,-6.65520236466564e-01
7.39702562333245e+00,1.49944980087685e+01,-2.22210395359961e+00
1.05092939883261e+01,1.17443764076668e+01,-1.06050994580369e+00
1.12785247014690e+01,1.60286709615509e+01,-1.58223854176630e+00
1.10985955978334e+01,1.73497961575061e+01,-1.42415264531623e+00
1.45418768834883e+01,1.68117840568471e+01,3.19362290265267e-01
1.48687712476334e+01,1.61639252033414e+01,2.52765056523692e-01
1.54935589416254e+01,1.55300602278590e+01,-2.02215349313895e+00
1.53223072134253e+01,1.76239202786461e+01,-7.49796967190749e-03
1.82119519922236e+01,1.61199777104711e+01,7.60725438191026e-01
1.92635726448899e+01,1.45915079104805e+01,-4.16716021620144e-01
7.52422637530723e-01,1.77786635984370e+01,-7.71799371196714e-01
9.97414564270162e-02,4.91163689304860e-01,-1.25725331647472e+00
2.11581818197031e+01,1.30691938875959e+01,3.06432653782289e-01
2.13273954524639e+01,1.40369807114317e+01,-2.42715464409725e-01
7.87600453571494e-01,1.45884500915952e+01,4.36572042280667e-01
1.89980553893480e+00,1.50702572525461e+01,-1.55254358395086e+00
2.68703701283276e+00,1.42926946893853e+01,5.38622967473519e-01
5.94403578867000e+00,1.55036891663797e+01,-1.98514795539466e+00
7.37049935514456e+00,1.39945361353865e+01,-2.22653279334402e+00
7.86718061361350e+00,1.17433596119757e+01,-1.26170405285338e+00
8.26534327502582e+00,1.50108905654743e+01,-2.05239648735235e+00
1.03363153995356e+01,1.64287705110789e+01,5.06400966078269e-01
1.01889666154295e+01,6.61503405384741e-01,-2.29109963245723e+00
1.17011176344082e+01,1.82211264938746e+01,-1.12915585511279e+00
1.25308945578681e+01,1.76461068812639e+01,-1.37601602401501e+00
1.25890047967118e+01,1.62265962487657e+01,-1.68489343971004e+00
1.79510449947202e+01,1.77246986717447e+01,5.06067318849266e-01
1.65465895992786e+01,1.42839555483649e+01,-1.25510535708902e+00
1.80654964527632e+01,1.51274449274454e+01,-5.88774642289332e-01
2.02381584854837e+01,1.46821372230017e+01,-5.56011894162875e-01
1.93491425570964e+01,1.64976298974207e+01,4.33131662990883e-01
1.40913290279521e+00,1.70051083044747e+01,1.60757901439830e-01
2.06218933641072e+00,1.78172453151907e+01,-5.58728850001212e-02
9.27192907685063e-01,1.62211411767243e+01,5.60610863109641e-02
4.40021029761357e+00,1.70399324052688e+01,3.09138824872720e-01
1.03095923602903e+00,1.54842960236184e+01,3.45146348561673e-01
3.70363885647872e+00,1.51422937337392e+01,-2.34450713632038e+00
5.95076940478048e+00,1.81422114419814e+01,-1.17081971687461e+00
6.76047229717948e+00,1.78218886312677e+01,-1.26545269588798e+00
5.45566377212212e+00,1.45041308725373e+01,-9.31037760485374e-01
8.41473697199929e+00,1.26937816996144e+01,-1.93625280999947e+00
8.24311763494688e+00,1.38117220614364e+01,-2.08819480899965e+00
9.47813616708240e+00,1.81179092865931e+01,-2.13966771752226e+00
1.06219806649675e+01,1.84265839011748e+01,5.92238374711870e-01
1.50129306517464e+01,6.39208572266349e-01,-9.67920101977596e-02
1.33399227241249e+01,1.70179822431441e+01,-1.28200198473259e+00
1.58179244429855e+01,1.84332069314803e+01,-1.18225135526858e-01
1.63493049352266e+01,1.59380982286592e+01,-1.96210979043198e+00
1.83263644329836e+01,1.40121244345320e+01,-1.71607021818736e+00
2.01175751148338e+01,1.55671403783806e+01,-4.94413722552892e-01
1.78499747783955e+01,1.65956157731011e+01,-2.23480267105212e+00
2.04516212306032e+01,1.64843693970347e+01,-8.50619106052325e-01
2.77553048114543e+00,1.84703452075546e+01,-5.50182334364095e-01
3.52211273783881e+00,1.76753781170076e+01,-1.60885991122905e-01
2.82318438969790e+00,1.70301556534913e+01,-1.72156735628334e-01
2.15336039814103e+00,1.62131302951546e+01,3.66313418220324e-01
2.76938356123379e+00,1.53761275642476e+01,-1.54511215098636e+00
5.46623181044072e+00,1.64810969024289e+01,-3.79659223145879e-01
6.41455990840004e+00,1.45217713265088e+01,-6.44657693132528e-01
6.47495520178120e+00,1.67070454931054e+01,-1.42495913604675e+00
7.45152059939177e+00,1.67504785789288e+01,-2.34800945358866e+00
1.00985457958316e+01,1.44992459556435e+01,4.35814572278531e-01
9.72875976879613e+00,1.62630649780420e+00,-1.77566987656630e+00
1.20075049149148e+01,1.49475157946079e+00,-7.95472936422036e-01
1.36372062986530e+01,2.56102587047744e+00,-1.79496733743889e+00
1.71254873200963e+01,1.84544389650025e+01,-3.60669525539371e-01
1.40894858512715e+01,1.76274399478244e+01,-2.04697588325866e-01
1.70745695172896e+01,1.67740146580232e+01,-1.75692290682750e+00
1.90579027312279e+01,1.55054691385627e+01,-5.74647351344924e-01
1.88220289071061e+01,1.73161472575973e+01,-2.12668708870886e+00
6.24006738726465e-02,1.68471692242888e+01,6.99499846870014e-01
4.61037398516993e-01,1.74193736597621e+00,7.71829220179300e-01
1.63765638704903e+00,2.03655930267493e-01,-6.34503549896909e-01
1.00007153196981e+00,1.05811209415940e+00,-2.34490361883427e+00
2.49955695685701e+00,3.06744332490689e+00,-1.47197356152706e+00
2.08488504356045e+00,1.80401949834911e+00,-2.33945146598803e+00
5.56941544477857e+00,1.72904365292917e+01,-3.24404868709858e-02
6.24631545027897e+00,5.73096917220863e-01,-1.24220138973700e+00
7.24207965159580e+00,1.93540446264714e-01,-1.09392616955704e+00
8.13034647768602e+00,1.60935207564829e+01,7.53596280564645e-01
1.03473562751977e+01,1.53955219610769e+01,1.52866002409666e-02
6.93602066064271e+00,1.56288199127704e+01,-2.32148118533891e+00
9.28413785383595e+00,1.68160464887141e+01,7.80323622797863e-01
1.13365933865963e+01,7.19153168661813e-01,-5.68745001530697e-01
1.08289651795472e+01,1.64971429484504e+00,1.14756972238405e-01
1.24396115689170e+01,3.85576277290040e-01,-1.93699562567108e+00
1.32562069610076e+01,1.82425171013439e+01,-1.32952785399663e+00
1.62360710171331e+01,6.72962244734594e-01,-5.09893484534351e-01
1.66425129804224e+01,1.76918834365041e+01,-2.33966569761295e-02
1.73784151311277e+01,1.45283745704580e+01,-1.03900045446553e+00
1.98617694875814e+01,1.75346524986525e+01,-1.29405625342653e+00
2.13382622211502e+01,1.80853339329265e+01,-1.18168752416585e+00
2.10941183950819e+01,2.30903683281253e+00,3.58011272806191e-01
1.77357066427988e+00,3.30210925889813e+00,-2.15517307077678e+00
2.11553239952882e+01,3.39754663985210e+00,-1.24878407776876e+00
3.40769196687681e+00,1.61987792988311e+01,9.61782783661710e-02
5.11107746469416e+00,1.82171156238879e+01,-1.70091136396820e+00
4.52869015444275e+00,1.81298428415882e+01,-1.86693797658000e+00
7.80476340646884e+00,9.57526552139083e-01,-6.24356370067443e-01
7.69713824015263e+00,1.77709054281376e+01,-1.81893335728846e+00
9.27021283053895e+00,1.58066934961096e+01,5.39098481053973e-02
8.52565562919674e+00,1.73510772617783e+01,-2.11278899252348e+00
1.05654700632901e+01,2.57933830879409e+00,7.64683317778459e-01
1.15662527327948e+01,2.36733655700364e+00,1.30841517676793e-01
1.26532270380642e+01,2.37520503079960e+00,-1.41886751258690e+00
1.37274578445879e+01,5.53353519997653e-01,1.25178124634935e-01
1.53587535879580e+01,6.29247878187462e+00,-6.77506912560066e-01
1.44726429067611e+01,1.84096069540648e+01,-1.57086627873372e-01
1.90965254290604e+01,1.84408927118693e+01,-1.76048054414497e+00
1.99097782887829e+01,2.12413412755390e-01,-1.21796370843773e+00
2.06746414838039e+01,1.76812068138258e+01,-1.30423474703566e+00
1.91980226745269e+01,2.54255689761974e+00,-9.25480574064430e-01
1.54915893083831e+00,2.22541310727153e+00,-2.26400271555903e+00
1.27753325729335e+00,3.83172160740836e+00,-2.27405778872581e+00
